Id,Label,timeset,indegree,outdegree,Degree,weighted indegree,weighted outdegree,Weighted Degree,Eccentricity,closnesscentrality,harmonicclosnesscentrality,betweenesscentrality,eigencentrality
0,5A1FB275,,0,2,2,0,2,2,5,0.36,0.498148,0,0
1,7F6C724D,,125,3,128,125,3,128,1,1,1,851.492857,1
2,76AEA42F,,0,1,1,0,1,1,6,0.306701,0.345518,0,0
3,7EDA0239,,1,1,2,1,1,2,3,0.416667,0.5,5,0.002777
4,5A752E57,,0,5,5,0,5,5,4,0.431818,0.548246,0,0
5,77F57823,,6,0,6,6,0,6,0,0,0,0,0.020407
6,81300982,,5,7,12,5,7,12,3,0.566667,0.676471,91.333333,0.020126
7,76BC784C,,0,7,7,0,7,7,2,0.733333,0.818182,0,0
8,7EBAF503,,1,2,3,1,2,3,7,0.256303,0.300156,0.5,0.002777
9,80B698C6,,0,3,3,0,3,3,4,0.411765,0.517857,0,0
10,763B9EFE,,2,1,3,2,1,3,1,1,1,7,0.012846
11,5ED229FC,,2,1,3,2,1,3,1,1,1,0,0.005554
12,80CFC0BC,,0,1,1,0,1,1,4,0.368421,0.452381,0,0
13,7F38C810,,0,3,3,0,3,3,4,0.454545,0.583333,0,0
14,7671F8FB,,0,9,9,0,9,9,6,0.346939,0.410417,0,0
15,7DC25052,,1,2,3,1,2,3,2,0.6,0.666667,1.833333,0.002777
16,7DA83B47,,0,2,2,0,2,2,2,0.75,0.833333,0,0
17,81776347,,6,0,6,6,0,6,0,0,0,0,0.028533
18,75C37236,,0,2,2,0,2,2,6,0.278689,0.32549,0,0
19,7EAFBD91,,1,1,2,1,1,2,2,0.666667,0.75,0,0.002777
20,804CC9CA,,0,1,1,0,1,1,1,1,1,0,0
21,7CA63E85,,2,2,4,2,2,4,1,1,1,50,0.030931
22,8045E665,,1,2,3,1,2,3,4,0.4375,0.511905,46,0.005673
23,7C7DF24B,,1,2,3,1,2,3,5,0.30303,0.426667,0.333333,0.002777
24,77E864FA,,1,1,2,1,1,2,1,1,1,0,0.012137
25,07D6437E,,0,1,1,0,1,1,1,1,1,0,0
26,7CC20AA0,,1,1,2,1,1,2,1,1,1,1,0.002777
27,7BCF362F,,10,6,16,10,6,16,3,0.666667,0.783333,366.25,0.075088
28,7D03A556,,0,1,1,0,1,1,3,0.428571,0.5,0,0
29,7DC6DF15,,3,1,4,3,1,4,6,0.306701,0.345518,0,0.014238
30,78739CC6,,9,1,10,9,1,10,1,1,1,12,0.028044
31,7DB22FE1,,3,0,3,3,0,3,0,0,0,0,0.009579
32,7F709D45,,5,3,8,5,3,8,8,0.222222,0.283289,54.333333,0.023259
33,7FCDF86F,,0,1,1,0,1,1,1,1,1,0,0
34,585591F8,,1,0,1,1,0,1,0,0,0,0,0.002777
35,7F434525,,1,1,2,1,1,2,4,0.424242,0.470238,0,0.002777
36,5E9BB9DA,,6,4,10,6,4,10,1,1,1,74.533333,0.044114
37,7B562E9D,,1,7,8,1,7,8,5,0.411765,0.492857,27.666667,0.004025
38,80C84811,,0,1,1,0,1,1,1,1,1,0,0
39,7EE5954C,,1,1,2,1,1,2,6,0.306701,0.345518,119,0.002777
40,803D202E,,0,9,9,0,9,9,3,0.64,0.760417,0,0
41,7FF4827C,,0,2,2,0,2,2,6,0.24,0.297222,0,0
42,805A9A2C,,0,5,5,0,5,5,6,0.330556,0.386975,0,0
43,49793837,,0,1,1,0,1,1,1,1,1,0,0
44,80F0AEE0,,0,1,1,0,1,1,4,0.326531,0.380208,0,0
45,7F47D5AF,,17,6,23,17,6,23,6,0.335616,0.42517,652.942437,0.203323
46,0E4025F5,,1,0,1,1,0,1,0,0,0,0,0.002777
47,5FA80935,,0,3,3,0,3,3,6,0.311518,0.359524,0,0
48,767BAC6C,,1,0,1,1,0,1,0,0,0,0,0.002777
49,7E7FFD4B,,2,3,5,2,3,5,1,1,1,4.5,0.005554
50,7F41E4C7,,0,1,1,0,1,1,1,1,1,0,0
51,7E77388F,,5,6,11,5,6,11,3,0.53125,0.637255,82.9,0.015411
52,7D5D9CD3,,0,2,2,0,2,2,4,0.433333,0.512821,0,0
53,754C096A,,1,0,1,1,0,1,0,0,0,0,0.005596
54,7DFD9A8D,,1,1,2,1,1,2,1,1,1,1,0.002777
55,7EFB27D7,,1,1,2,1,1,2,1,1,1,1,0.002777
56,7BA41BB1,,7,0,7,7,0,7,0,0,0,0,0.039226
57,807F1B34,,0,1,1,0,1,1,1,1,1,0,0
58,7F9A8948,,0,2,2,0,2,2,5,0.357143,0.419333,0,0
59,799F491A,,0,4,4,0,4,4,3,0.588235,0.683333,0,0
60,7FE2281C,,0,1,1,0,1,1,1,1,1,0,0
61,80AD06E8,,9,6,15,9,6,15,4,0.419753,0.5,746.816667,0.046908
62,77D4512C,,1,0,1,1,0,1,0,0,0,0,0.002777
63,08468AE2,,0,3,3,0,3,3,2,0.666667,0.75,0,0
64,7DA756A5,,1,0,1,1,0,1,0,0,0,0,0.002777
65,6C55CB6F,,19,2,21,19,2,21,3,0.478261,0.545455,286.582143,0.082197
66,76369827,,12,3,15,12,3,15,7,0.261905,0.339069,491.50922,0.261339
67,80108BDB,,7,0,7,7,0,7,0,0,0,0,0.08691
68,5B07F2AD,,0,5,5,0,5,5,8,0.241379,0.336267,0,0
69,7ED8644F,,8,5,13,8,5,13,5,0.411765,0.491429,660.304762,0.039974
70,802C40C2,,0,1,1,0,1,1,5,0.333333,0.415,0,0
71,76CF0C13,,0,1,1,0,1,1,1,1,1,0,0
72,7F07B6AE,,0,1,1,0,1,1,2,0.666667,0.75,0,0
73,7F2392E3,,1,1,2,1,1,2,5,0.346154,0.442593,1.5,0.002777
74,0C24E53D,,4,0,4,4,0,4,0,0,0,0,0.019511
75,81743882,,2,0,2,2,0,2,0,0,0,0,0.006802
76,5EAC68FC,,11,0,11,11,0,11,0,0,0,0,0.033321
77,7F40F4D7,,9,5,14,9,5,14,4,0.487805,0.583333,300.801216,0.03546
78,7D12D92A,,35,2,37,35,2,37,2,0.625,0.7,223.611905,0.452222
79,04CA20DE,,0,3,3,0,3,3,2,0.666667,0.75,0,0
80,5E7F42E8,,0,1,1,0,1,1,1,1,1,0,0
81,8106B4F6,,0,1,1,0,1,1,1,1,1,0,0
82,60AF34F2,,0,4,4,0,4,4,2,0.833333,0.9,0,0
83,7E089879,,0,1,1,0,1,1,2,0.6,0.666667,0,0
84,5FE38DC1,,5,1,6,5,1,6,4,0.413793,0.472222,50.933333,0.013885
85,810E3869,,1,2,3,1,2,3,6,0.272109,0.297361,9.4,0.002777
86,81CFEF52,,1,0,1,1,0,1,0,0,0,0,0.004025
87,78E24B05,,1,0,1,1,0,1,0,0,0,0,0.002777
88,7ECADF59,,1,1,2,1,1,2,1,1,1,0,0.002777
89,80290151,,2,0,2,2,0,2,0,0,0,0,0.00708
90,7EEFA497,,0,5,5,0,5,5,6,0.290168,0.329752,0,0
91,5A874BBF,,0,6,6,0,6,6,5,0.395349,0.492157,0,0
92,7D4873BD,,1,1,2,1,1,2,3,0.388889,0.452381,1,0.002777
93,0C2C26A0,,1,2,3,1,2,3,4,0.372549,0.438596,36,0.004025
94,81430221,,1,1,2,1,1,2,6,0.269036,0.29717,35.183333,0.002777
95,5EA414E7,,0,1,1,0,1,1,1,1,1,0,0
96,5F985E92,,0,4,4,0,4,4,3,0.484848,0.572917,0,0
97,7B1C5478,,12,4,16,12,4,16,2,0.75,0.833333,149.366667,0.056777
98,008B8FE9,,0,4,4,0,4,4,8,0.252294,0.335974,0,0
99,7E86E05C,,12,3,15,12,3,15,4,0.45,0.592593,35.542857,0.047304
100,803F2CCD,,0,1,1,0,1,1,4,0.413793,0.472222,0,0
101,750A59D3,,0,1,1,0,1,1,3,0.5,0.566667,0,0
102,6F75A518,,4,1,5,4,1,5,1,1,1,18,0.030527
103,7BCFF474,,0,2,2,0,2,2,2,0.625,0.7,0,0
104,8080BCCB,,0,1,1,0,1,1,2,0.666667,0.75,0,0
105,77EAC0FF,,0,3,3,0,3,3,3,0.4375,0.52381,0,0
106,725493D0,,1,0,1,1,0,1,0,0,0,0,0.002777
107,7E24127D,,0,3,3,0,3,3,3,0.5625,0.648148,0,0
108,7A883B04,,1,0,1,1,0,1,0,0,0,0,0.002777
109,8170FB55,,2,1,3,2,1,3,5,0.319149,0.371111,38,0.007635
110,7E409A3D,,1,1,2,1,1,2,7,0.253472,0.277299,82.9,0.004025
111,7FC47FC5,,1,0,1,1,0,1,0,0,0,0,0.002777
112,7CC98D73,,5,0,5,5,0,5,0,0,0,0,0.132239
113,7A2DA630,,0,2,2,0,2,2,4,0.421053,0.541667,0,0
114,75573250,,0,2,2,0,2,2,1,1,1,0,0
115,77B83940,,11,4,15,11,4,15,3,0.483871,0.577778,64.5,0.037066
116,7F29B5DE,,1,2,3,1,2,3,2,0.625,0.7,5,0.002777
117,75B3AD0C,,1,0,1,1,0,1,0,0,0,0,0.002777
118,0B8CFF40,,0,3,3,0,3,3,2,0.714286,0.8,0,0
119,79725013,,0,8,8,0,8,8,6,0.321256,0.387093,0,0
120,5B77DD72,,5,0,5,5,0,5,0,0,0,0,0.016659
121,77F4FEAB,,1,1,2,1,1,2,1,1,1,1,0.002777
122,812C1569,,5,4,9,5,4,9,3,0.52,0.615385,44.75,0.016659
123,5936A073,,0,2,2,0,2,2,2,0.625,0.7,0,0
124,7E8F0581,,0,1,1,0,1,1,7,0.236967,0.272381,0,0
125,77F6201F,,0,1,1,0,1,1,4,0.36,0.425926,0,0
126,7E16D608,,0,1,1,0,1,1,2,0.666667,0.75,0,0
127,782A66E7,,3,1,4,3,1,4,8,0.211268,0.254762,48,0.117132
128,7F15536D,,0,3,3,0,3,3,7,0.262976,0.303195,0,0
129,77A6E821,,0,3,3,0,3,3,5,0.32,0.376667,0,0
130,7E3299F4,,0,7,7,0,7,7,6,0.342175,0.400129,0,0
131,7E140BEE,,0,1,1,0,1,1,8,0.209302,0.249947,0,0
132,6DD38A49,,0,3,3,0,3,3,1,1,1,0,0
133,7FFC0DAE,,2,4,6,2,4,6,2,0.7,0.785714,56.4,0.021032
134,7599F55D,,1,1,2,1,1,2,3,0.5,0.566667,5,0.002777
135,6D8EA314,,2,0,2,2,0,2,0,0,0,0,0.008646
136,7DE1187F,,0,1,1,0,1,1,4,0.375,0.472222,0,0
137,7EECA124,,0,1,1,0,1,1,4,0.376623,0.408046,0,0
138,5E601D93,,2,0,2,2,0,2,0,0,0,0,0.036799
139,80157FE2,,2,5,7,2,5,7,6,0.302326,0.362564,72.452381,0.005554
140,7C8ADCE3,,1,1,2,1,1,2,1,1,1,0,0.002777
141,7E5C7E38,,0,4,4,0,4,4,2,0.833333,0.9,0,0
142,7F54E9D3,,7,3,10,7,3,10,1,1,1,22.333333,0.024709
143,78C7AB14,,0,2,2,0,2,2,1,1,1,0,0
144,7D3796FE,,0,1,1,0,1,1,1,1,1,0,0
145,81431585,,0,3,3,0,3,3,6,0.328467,0.369136,0,0
146,8052A44D,,0,1,1,0,1,1,1,1,1,0,0
147,76A5909E,,3,2,5,3,2,5,4,0.361111,0.442308,37,0.008331
148,77841166,,0,2,2,0,2,2,8,0.197767,0.22259,0,0
149,762C513D,,0,2,2,0,2,2,1,1,1,0,0
150,58A64AFA,,6,0,6,6,0,6,0,0,0,0,0.019436
151,6EC92A46,,0,1,1,0,1,1,1,1,1,0,0
152,79529622,,1,2,3,1,2,3,4,0.441176,0.511111,13,0.002777
153,808223E6,,0,2,2,0,2,2,2,0.666667,0.75,0,0
154,08165A76,,0,1,1,0,1,1,1,1,1,0,0
155,790AA726,,0,3,3,0,3,3,4,0.381818,0.460317,0,0
156,78BB60D5,,3,1,4,3,1,4,1,1,1,3,0.009579
157,77F66EBD,,0,1,1,0,1,1,1,1,1,0,0
158,5ED3EA5D,,0,1,1,0,1,1,5,0.35,0.445238,0,0
159,75F6219A,,0,1,1,0,1,1,1,1,1,0,0
160,7EAE22EB,,0,1,1,0,1,1,4,0.307692,0.361111,0,0
161,7F618C0B,,6,4,10,6,4,10,6,0.314516,0.385897,481.904762,0.031845
162,77697209,,1,11,12,1,11,12,3,0.65625,0.753968,17,0.002777
163,7595122A,,0,2,2,0,2,2,7,0.264865,0.297182,0,0
164,5AA548D4,,0,2,2,0,2,2,3,0.473684,0.555556,0,0
165,796072BF,,2,4,6,2,4,6,5,0.358491,0.426316,80.666667,0.008051
166,796E6702,,0,2,2,0,2,2,6,0.308483,0.350972,0,0
167,011C2D8A,,1,0,1,1,0,1,0,0,0,0,0.005551
168,82FBCB28,,0,5,5,0,5,5,7,0.249516,0.291824,0,0
169,7DE52B87,,1,0,1,1,0,1,0,0,0,0,0.002777
170,7B640F4C,,1,2,3,1,2,3,1,1,1,2,0.002777
171,80243CA2,,0,6,6,0,6,6,4,0.392857,0.456061,0,0
172,7E448213,,7,6,13,7,6,13,6,0.337079,0.418611,430.452381,0.030813
173,7FD7C0A0,,1,0,1,1,0,1,0,0,0,0,0.002777
174,7DA0621C,,0,3,3,0,3,3,3,0.448276,0.538462,0,0
175,5885C3D3,,1,0,1,1,0,1,0,0,0,0,0.002777
176,7F405981,,1,0,1,1,0,1,0,0,0,0,0.002777
177,0C1C44E6,,1,0,1,1,0,1,0,0,0,0,0.002777
178,7F0BF26F,,0,2,2,0,2,2,8,0.212329,0.2524,0,0
179,751C861C,,12,3,15,12,3,15,3,0.625,0.766667,98.75,0.050422
180,5A5C2C13,,1,0,1,1,0,1,0,0,0,0,0.002777
181,77D167F3,,1,0,1,1,0,1,0,0,0,0,0.002777
182,79BD9F06,,2,5,7,2,5,7,4,0.408163,0.529167,4.5,0.005554
183,79DA40ED,,1,0,1,1,0,1,0,0,0,0,0.002777
184,78DB638C,,0,6,6,0,6,6,5,0.364583,0.470476,0,0
185,5F212E49,,0,2,2,0,2,2,3,0.466667,0.571429,0,0
186,80EF80A4,,2,1,3,2,1,3,3,0.5,0.611111,6,0.005554
187,7D68A994,,0,1,1,0,1,1,1,1,1,0,0
188,7594A4C5,,0,1,1,0,1,1,9,0.18,0.224724,0,0
189,7E3C89FE,,0,1,1,0,1,1,1,1,1,0,0
190,7823B06B,,0,2,2,0,2,2,3,0.545455,0.638889,0,0
191,80F8BB3C,,0,2,2,0,2,2,7,0.209184,0.256562,0,0
192,7C5AAA1F,,1,2,3,1,2,3,2,0.75,0.833333,1,0.005551
193,7DA4333B,,0,2,2,0,2,2,1,1,1,0,0
194,7EC9628C,,0,1,1,0,1,1,2,0.6,0.666667,0,0
195,7A521808,,0,8,8,0,8,8,6,0.334184,0.393003,0,0
196,79B16F84,,1,1,2,1,1,2,2,0.666667,0.75,1.333333,0.002777
197,80147C91,,1,0,1,1,0,1,0,0,0,0,0.002777
198,0827B238,,0,1,1,0,1,1,5,0.33871,0.384127,0,0
199,76569778,,0,4,4,0,4,4,5,0.313725,0.454167,0,0
200,8136169A,,1,3,4,1,3,4,1,1,1,2,0.002777
201,76A0094C,,1,2,3,1,2,3,2,0.666667,0.75,3,0.002777
202,80EDF3CE,,0,2,2,0,2,2,3,0.571429,0.708333,0,0
203,7F4642F0,,9,4,13,9,4,13,3,0.461538,0.546296,181.516667,0.056617
204,7EEDADD9,,0,3,3,0,3,3,3,0.538462,0.666667,0,0
205,5DC305F8,,0,1,1,0,1,1,1,1,1,0,0
206,6EFCE74F,,0,2,2,0,2,2,6,0.270408,0.306604,0,0
207,792D4E99,,3,1,4,3,1,4,1,1,1,4.5,0.010265
208,7D77746B,,0,4,4,0,4,4,3,0.529412,0.666667,0,0
209,71F4616F,,12,0,12,12,0,12,0,0,0,0,0.088484
210,07035DF2,,2,2,4,2,2,4,7,0.242248,0.272362,7.875,0.008051
211,795C95A1,,0,1,1,0,1,1,2,0.666667,0.75,0,0
212,806A05D3,,1,1,2,1,1,2,5,0.363636,0.426389,21.410256,0.004711
213,5E2DADC4,,0,1,1,0,1,1,1,1,1,0,0
214,5B63AB2D,,1,4,5,1,4,5,1,1,1,7,0.004025
215,5FC0053B,,1,0,1,1,0,1,0,0,0,0,0.002777
216,5EE5FD05,,1,0,1,1,0,1,0,0,0,0,0.002777
217,816472CA,,20,8,28,20,8,28,4,0.511111,0.630435,2950.388889,0.220973
218,812CD9F0,,1,7,8,1,7,8,6,0.327004,0.375269,30.37619,0.002777
219,7FEB10F2,,0,1,1,0,1,1,1,1,1,0,0
220,810E30B0,,27,3,30,27,3,30,4,0.38806,0.455128,768.988889,0.110653
221,78E5537F,,1,0,1,1,0,1,0,0,0,0,0.002777
222,765E8E1A,,1,0,1,1,0,1,0,0,0,0,0.002777
223,7857440D,,0,2,2,0,2,2,7,0.240385,0.267429,0,0
224,7E317CA3,,12,8,20,12,8,20,4,0.4625,0.54955,371.832143,0.040813
225,7E231F54,,1,0,1,1,0,1,0,0,0,0,0.002777
226,76231E5F,,1,0,1,1,0,1,0,0,0,0,0.002777
227,0915E85E,,2,0,2,2,0,2,0,0,0,0,0.005554
228,7DAE5B93,,0,2,2,0,2,2,1,1,1,0,0
229,80600816,,1,2,3,1,2,3,2,0.666667,0.75,1,0.002777
230,77E08C3C,,0,2,2,0,2,2,4,0.365385,0.434211,0,0
231,79ABC9E8,,0,4,4,0,4,4,3,0.578947,0.666667,0,0
232,76221630,,0,3,3,0,3,3,3,0.571429,0.666667,0,0
233,80B25939,,0,3,3,0,3,3,3,0.545455,0.611111,0,0
234,69FF2EB3,,0,1,1,0,1,1,7,0.243902,0.281905,0,0
235,81635C4A,,0,3,3,0,3,3,3,0.583333,0.690476,0,0
236,7E3BF479,,1,3,4,1,3,4,2,0.8,0.875,4,0.002777
237,78FE576A,,0,1,1,0,1,1,1,1,1,0,0
238,81696610,,0,1,1,0,1,1,1,1,1,0,0
239,7E154E60,,1,2,3,1,2,3,1,1,1,2,0.002777
240,7D3F41AB,,0,3,3,0,3,3,9,0.200927,0.240098,0,0
241,811FEC65,,0,3,3,0,3,3,6,0.271605,0.337121,0,0
242,7F1F4465,,2,0,2,2,0,2,0,0,0,0,0.005554
243,7EB97528,,4,0,4,4,0,4,0,0,0,0,0.302442
244,7BDA36B8,,0,2,2,0,2,2,1,1,1,0,0
245,80C6FA3E,,0,1,1,0,1,1,2,0.666667,0.75,0,0
246,7CEEB5F7,,7,2,9,7,2,9,2,0.666667,0.75,14.5,0.039869
247,0B39EC26,,2,0,2,2,0,2,0,0,0,0,0.1181
248,75C47E6A,,2,1,3,2,1,3,4,0.375,0.427778,29,0.005554
249,7CC4587B,,0,7,7,0,7,7,5,0.347458,0.39878,0,0
250,7AD29FB9,,1,1,2,1,1,2,4,0.346939,0.382353,17,0.002777
251,75D8BCFD,,0,3,3,0,3,3,7,0.257812,0.345022,0,0
252,7C848458,,0,1,1,0,1,1,4,0.388889,0.464286,0,0
253,7F489851,,1,3,4,1,3,4,3,0.538462,0.666667,2,0.004025
254,7EDB7DB7,,0,1,1,0,1,1,4,0.428571,0.513889,0,0
255,7E2E34D6,,1,0,1,1,0,1,0,0,0,0,0.002777
256,79AF77CD,,16,1,17,16,1,17,1,1,1,38.166667,0.124988
257,78D54798,,1,2,3,1,2,3,1,1,1,2,0.002777
258,7D934CBB,,0,1,1,0,1,1,2,0.571429,0.625,0,0
259,74F82595,,0,1,1,0,1,1,1,1,1,0,0
260,7A2F2834,,16,0,16,16,0,16,0,0,0,0,0.157113
261,81571646,,2,3,5,2,3,5,1,1,1,4.666667,0.009854
262,79A853D6,,1,0,1,1,0,1,0,0,0,0,0.002777
263,7DB6A23C,,0,5,5,0,5,5,5,0.4375,0.605952,0,0
264,7BF9CD89,,2,0,2,2,0,2,0,0,0,0,0.007161
265,75254C12,,0,1,1,0,1,1,4,0.342857,0.395833,0,0
266,7068B645,,1,0,1,1,0,1,0,0,0,0,0.002777
267,7BC8DDC9,,3,0,3,3,0,3,0,0,0,0,0.010828
268,7C3B4512,,0,3,3,0,3,3,2,0.636364,0.714286,0,0
269,767DE289,,1,1,2,1,1,2,1,1,1,0,0.002777
270,7DAD286B,,1,1,2,1,1,2,4,0.342857,0.395833,12,0.002777
271,791D5934,,1,3,4,1,3,4,1,1,1,3,0.002777
272,7B24507F,,2,0,2,2,0,2,0,0,0,0,0.008328
273,7CF22724,,0,1,1,0,1,1,3,0.458333,0.5,0,0
274,80F77A3D,,4,2,6,4,2,6,6,0.270408,0.306604,139.5,0.012356
275,797F1FB0,,30,0,30,30,0,30,0,0,0,0,0.271682
276,5999B5AC,,0,2,2,0,2,2,3,0.5,0.633333,0,0
277,75D3F6DD,,1,1,2,1,1,2,1,1,1,1,0.002777
278,76F5F22F,,1,1,2,1,1,2,2,0.6,0.666667,3,0.002777
279,59DD4AA3,,0,1,1,0,1,1,2,0.6,0.666667,0,0
280,047589A5,,2,0,2,2,0,2,0,0,0,0,0.013223
281,0C1150B6,,2,0,2,2,0,2,0,0,0,0,0.013033
282,7BF8F865,,1,0,1,1,0,1,0,0,0,0,0.008684
283,796A67CF,,0,1,1,0,1,1,4,0.346154,0.393519,0,0
284,7AB23632,,0,3,3,0,3,3,1,1,1,0,0
285,7CEAC9A3,,1,0,1,1,0,1,0,0,0,0,0.002777
286,80B0986E,,0,2,2,0,2,2,2,0.75,0.833333,0,0
287,7F12D6E1,,0,3,3,0,3,3,2,0.8,0.875,0,0
288,7EDFEC4A,,1,0,1,1,0,1,0,0,0,0,0.002777
289,713ABD9A,,2,0,2,2,0,2,0,0,0,0,0.00708
290,5D984D4E,,1,0,1,1,0,1,0,0,0,0,0.002777
291,7DC2B485,,0,4,4,0,4,4,7,0.244186,0.314097,0,0
292,78A5801E,,0,1,1,0,1,1,1,1,1,0,0
293,7F5384F7,,0,1,1,0,1,1,2,0.666667,0.75,0,0
294,7645885E,,6,0,6,6,0,6,0,0,0,0,0.019713
295,7BBEA7A8,,2,0,2,2,0,2,0,0,0,0,0.005554
296,80D237D8,,0,2,2,0,2,2,7,0.247444,0.274065,0,0
297,7947EC23,,9,0,9,9,0,9,0,0,0,0,0.042608
298,7F3F299A,,1,1,2,1,1,2,4,0.375,0.427778,7.5,0.002777
299,7C8F5F98,,7,0,7,7,0,7,0,0,0,0,0.089005
300,77C23EAD,,0,3,3,0,3,3,3,0.442308,0.5,0,0
301,7CE6373D,,2,0,2,2,0,2,0,0,0,0,0.012855
302,45AF6488,,1,1,2,1,1,2,1,1,1,0,0.010846
303,7DB7DB38,,0,1,1,0,1,1,1,1,1,0,0
304,810DEA87,,0,1,1,0,1,1,2,0.666667,0.75,0,0
305,76592B06,,0,1,1,0,1,1,9,0.18,0.224724,0,0
306,7DCE5FEC,,0,1,1,0,1,1,2,0.666667,0.75,0,0
307,77D15CFD,,0,1,1,0,1,1,4,0.326531,0.380208,0,0
308,7F710180,,0,2,2,0,2,2,5,0.349206,0.412121,0,0
309,7F882636,,1,1,2,1,1,2,2,0.666667,0.75,0.5,0.002777
310,7639D773,,2,1,3,2,1,3,1,1,1,4,0.008051
311,73BBE5F0,,1,0,1,1,0,1,0,0,0,0,0.002777
312,809D0B92,,1,1,2,1,1,2,2,0.666667,0.75,2,0.002777
313,5DBAD248,,1,1,2,1,1,2,1,1,1,35.916667,0.072539
314,7E131A78,,0,2,2,0,2,2,3,0.545455,0.638889,0,0
315,7E7B35AB,,4,3,7,4,3,7,2,0.666667,0.75,11.75,0.013604
316,7F6C5DA1,,1,1,2,1,1,2,2,0.571429,0.625,2,0.002777
317,7EEB994E,,0,1,1,0,1,1,2,0.571429,0.625,0,0
318,5B776973,,2,0,2,2,0,2,0,0,0,0,0.006802
319,7C014E66,,2,0,2,2,0,2,0,0,0,0,0.008328
320,6BAC4FD1,,0,1,1,0,1,1,4,0.326531,0.380208,0,0
321,7B41CD3C,,2,0,2,2,0,2,0,0,0,0,0.020991
322,8131E064,,2,0,2,2,0,2,0,0,0,0,0.009854
323,787AF837,,0,5,5,0,5,5,7,0.28,0.357181,0,0
324,7FF7D9FA,,0,2,2,0,2,2,4,0.4375,0.511905,0,0
325,7DB541FD,,0,1,1,0,1,1,10,0.172956,0.227136,0,0
326,77282C69,,0,1,1,0,1,1,6,0.246753,0.278947,0,0
327,815185AA,,0,5,5,0,5,5,6,0.321716,0.376389,0,0
328,7730E04E,,0,1,1,0,1,1,1,1,1,0,0
329,5FD5E900,,1,0,1,1,0,1,0,0,0,0,0.002777
330,7E7D26F8,,1,0,1,1,0,1,0,0,0,0,0.002777
331,5B2C0AF6,,1,6,7,1,6,7,2,0.714286,0.8,5.5,0.002777
332,80173A83,,1,2,3,1,2,3,1,1,1,2,0.002777
333,6B3CEDC7,,0,3,3,0,3,3,7,0.25784,0.296075,0,0
334,80A3C647,,0,1,1,0,1,1,6,0.290076,0.333333,0,0
335,7E068B83,,0,33,33,0,33,33,6,0.362191,0.463415,0,0
336,016A014C,,2,1,3,2,1,3,5,0.287234,0.325926,0,0.005554
337,8138D709,,1,4,5,1,4,5,6,0.311518,0.362325,111.35,0.002777
338,7BF08CC9,,0,2,2,0,2,2,3,0.466667,0.571429,0,0
339,7D54C0CA,,1,0,1,1,0,1,0,0,0,0,0.002777
340,7D4998A5,,0,1,1,0,1,1,3,0.5,0.555556,0,0
341,7A89250C,,14,0,14,14,0,14,0,0,0,0,0.116557
342,7D46B253,,0,2,2,0,2,2,1,1,1,0,0
343,75C15747,,0,11,11,0,11,11,7,0.276596,0.344351,0,0
344,756433F1,,0,4,4,0,4,4,2,0.75,0.833333,0,0
345,6A4395FA,,2,1,3,2,1,3,1,1,1,0.5,0.008328
346,7E28BFE3,,3,3,6,3,3,6,2,0.636364,0.714286,34.65,0.022681
347,66208C16,,1,0,1,1,0,1,0,0,0,0,0.002777
348,79F03B15,,0,1,1,0,1,1,1,1,1,0,0
349,7DEEFE7C,,25,4,29,25,4,29,2,0.611111,0.681818,1579.97619,0.214745
350,2FF60008,,1,1,2,1,1,2,7,0.253472,0.277299,0,0.002777
351,8350D077,,0,1,1,0,1,1,2,0.666667,0.75,0,0
352,7C065B03,,0,2,2,0,2,2,5,0.368421,0.425,0,0
353,56D4093F,,1,0,1,1,0,1,0,0,0,0,0.061118
354,7B446227,,0,7,7,0,7,7,3,0.6,0.711111,0,0
355,77424DF6,,0,11,11,0,11,11,6,0.328736,0.398834,0,0
356,7595AFE1,,1,1,2,1,1,2,1,1,1,1,0.002777
357,7A0B9BD1,,0,2,2,0,2,2,4,0.411765,0.547619,0,0
358,0BB9ABB4,,1,0,1,1,0,1,0,0,0,0,0.002777
359,78B3A1C0,,7,0,7,7,0,7,0,0,0,0,0.154297
360,79E2B75F,,0,2,2,0,2,2,1,1,1,0,0
361,079C8E7C,,0,4,4,0,4,4,3,0.571429,0.652778,0,0
362,7DD25105,,5,0,5,5,0,5,0,0,0,0,0.015133
363,8032A92A,,0,3,3,0,3,3,2,0.8,0.875,0,0
364,7C039EC8,,1,0,1,1,0,1,0,0,0,0,0.002777
365,5C6B946F,,0,2,2,0,2,2,2,0.75,0.833333,0,0
366,77BA6E7B,,0,3,3,0,3,3,1,1,1,0,0
367,7E9B866C,,0,1,1,0,1,1,4,0.375,0.472222,0,0
368,7B229100,,1,0,1,1,0,1,0,0,0,0,0.002777
369,0B81702B,,0,1,1,0,1,1,7,0.217469,0.235968,0,0
370,7EFEDCA2,,0,2,2,0,2,2,2,0.666667,0.75,0,0
371,81685D9B,,5,5,10,5,5,10,4,0.5,0.666667,31.666667,0.015133
372,7F626239,,0,2,2,0,2,2,2,0.75,0.833333,0,0
373,71451F20,,1,0,1,1,0,1,0,0,0,0,0.002777
374,786DF1BE,,0,2,2,0,2,2,5,0.329545,0.395402,0,0
375,606A459B,,1,0,1,1,0,1,0,0,0,0,0.008578
376,80D1B10B,,0,1,1,0,1,1,2,0.666667,0.75,0,0
377,80D8B744,,1,0,1,1,0,1,0,0,0,0,0.002777
378,7DF05074,,0,4,4,0,4,4,4,0.466667,0.577381,0,0
379,7A4D9F76,,1,5,6,1,5,6,6,0.313084,0.367289,41.759171,0.005274
380,7DB25752,,1,9,10,1,9,10,6,0.338889,0.40888,133.5,0.004025
381,7EA146EA,,0,2,2,0,2,2,1,1,1,0,0
382,7BDBA87D,,1,0,1,1,0,1,0,0,0,0,0.002777
383,7F169439,,1,0,1,1,0,1,0,0,0,0,0.004025
384,770B3AAA,,1,0,1,1,0,1,0,0,0,0,0.002777
385,815CE8D2,,0,5,5,0,5,5,4,0.486486,0.587963,0,0
386,7F3D8653,,0,2,2,0,2,2,2,0.75,0.833333,0,0
387,59EA189E,,0,4,4,0,4,4,2,0.833333,0.9,0,0
388,799FBA40,,0,1,1,0,1,1,4,0.4,0.520833,0,0
389,11D16AAE,,0,2,2,0,2,2,4,0.4375,0.511905,0,0
390,7BDE06A5,,0,2,2,0,2,2,6,0.326829,0.364428,0,0
391,81642FAE,,2,2,4,2,2,4,7,0.238748,0.265125,180,0.009854
392,7D223AEA,,0,2,2,0,2,2,1,1,1,0,0
393,7FF6439B,,2,0,2,2,0,2,0,0,0,0,0.012073
394,5CD8FBDB,,0,1,1,0,1,1,2,0.666667,0.75,0,0
395,633427B8,,1,0,1,1,0,1,0,0,0,0,0.002777
396,5A260464,,8,0,8,8,0,8,0,0,0,0,0.139353
397,7F82C0EB,,1,0,1,1,0,1,0,0,0,0,0.002777
398,115DBE0D,,5,0,5,5,0,5,0,0,0,0,0.013885
399,80F4C766,,1,0,1,1,0,1,0,0,0,0,0.002777
400,6103D4A2,,0,1,1,0,1,1,1,1,1,0,0
401,7FFC51D3,,0,1,1,0,1,1,1,1,1,0,0
402,7963E765,,0,1,1,0,1,1,1,1,1,0,0
403,78C91A04,,0,3,3,0,3,3,7,0.220249,0.248291,0,0
404,77CC9AA2,,0,2,2,0,2,2,2,0.75,0.833333,0,0
405,7F0FE0FA,,0,1,1,0,1,1,1,1,1,0,0
406,801A0D49,,2,10,12,2,10,12,6,0.328467,0.399012,93.238095,0.005554
407,7A76639A,,0,4,4,0,4,4,3,0.555556,0.666667,0,0
408,6BE8E204,,1,0,1,1,0,1,0,0,0,0,0.061861
409,77B72BF5,,0,1,1,0,1,1,1,1,1,0,0
410,5D73ADEF,,1,0,1,1,0,1,0,0,0,0,0.002777
411,7C48AB23,,0,4,4,0,4,4,6,0.313984,0.366527,0,0
412,7C46211B,,1,4,5,1,4,5,5,0.345238,0.434483,11.5,0.002777
413,7ACA01E5,,2,2,4,2,2,4,1,1,1,4,0.008328
414,8178E1C7,,0,1,1,0,1,1,6,0.238411,0.270833,0,0
415,7EFC1AD9,,0,3,3,0,3,3,2,0.8,0.875,0,0
416,812A08E7,,1,0,1,1,0,1,0,0,0,0,0.002777
417,7B2576E5,,2,0,2,2,0,2,0,0,0,0,0.005554
418,5CD5757B,,0,1,1,0,1,1,5,0.270833,0.328205,0,0
419,7CA11A71,,0,1,1,0,1,1,1,1,1,0,0
420,809DD726,,2,0,2,2,0,2,0,0,0,0,0.005554
421,76255E3F,,0,2,2,0,2,2,5,0.37931,0.498485,0,0
422,7D25CCCF,,2,1,3,2,1,3,5,0.322034,0.357018,0,0.005554
423,7F494A01,,1,0,1,1,0,1,0,0,0,0,0.002777
424,767DDBEC,,3,1,4,3,1,4,1,1,1,3,0.008331
425,808A2CA5,,0,1,1,0,1,1,6,0.306701,0.345518,0,0
426,7A58DBCC,,1,0,1,1,0,1,0,0,0,0,0.002777
427,80CD6DE1,,0,3,3,0,3,3,2,0.714286,0.8,0,0
428,7718C42C,,0,5,5,0,5,5,7,0.283688,0.337619,0,0
429,7CEA27DF,,0,1,1,0,1,1,1,1,1,0,0
430,45B6587F,,0,2,2,0,2,2,2,0.583333,0.642857,0,0
431,76A88B56,,1,6,7,1,6,7,7,0.299578,0.367036,12.22619,0.002777
432,794D58E5,,2,0,2,2,0,2,0,0,0,0,0.005554
433,7D99A95E,,0,2,2,0,2,2,5,0.354167,0.440196,0,0
434,7D08022F,,1,0,1,1,0,1,0,0,0,0,0.002777
435,7C058AF2,,1,0,1,1,0,1,0,0,0,0,0.002777
436,797F9A4E,,1,0,1,1,0,1,0,0,0,0,0.002777
437,5EB31902,,5,0,5,5,0,5,0,0,0,0,0.077273
438,5C3C2022,,0,2,2,0,2,2,3,0.5,0.611111,0,0
439,790E9191,,0,1,1,0,1,1,1,1,1,0,0
440,6CD47B26,,0,1,1,0,1,1,1,1,1,0,0
441,5C5F8BEA,,1,1,2,1,1,2,2,0.555556,0.6,4,0.002777
442,813C56EE,,0,4,4,0,4,4,4,0.37037,0.479167,0,0
443,7F3BEB40,,0,1,1,0,1,1,1,1,1,0,0
444,75332ADF,,0,1,1,0,1,1,2,0.666667,0.75,0,0
445,80307F04,,0,1,1,0,1,1,1,1,1,0,0
446,7E7863A3,,1,4,5,1,4,5,3,0.5,0.588889,1.5,0.002777
447,7F4655B4,,1,1,2,1,1,2,8,0.194006,0.210927,0,0.005274
448,809FD34A,,0,7,7,0,7,7,7,0.253833,0.305066,0,0
449,760FA684,,0,1,1,0,1,1,2,0.666667,0.75,0,0
450,7D23BB48,,0,2,2,0,2,2,1,1,1,0,0
451,7D6F6F96,,0,5,5,0,5,5,9,0.2,0.297477,0,0
452,7BCA991F,,1,0,1,1,0,1,0,0,0,0,0.002777
453,77471B51,,0,7,7,0,7,7,6,0.286517,0.333878,0,0
454,85F7E8CB,,0,3,3,0,3,3,4,0.434783,0.504167,0,0
455,79582BA3,,1,0,1,1,0,1,0,0,0,0,0.002777
456,78B4ACF8,,0,2,2,0,2,2,1,1,1,0,0
457,5CAB1DCB,,1,1,2,1,1,2,7,0.219298,0.259429,0,0.002777
458,7F3655D3,,3,1,4,3,1,4,1,1,1,13,0.057249
459,78C144D3,,2,4,6,2,4,6,3,0.6,0.703704,4.166667,0.005554
460,625783CE,,0,7,7,0,7,7,6,0.327549,0.38223,0,0
461,010F4D91,,1,0,1,1,0,1,0,0,0,0,0.002777
462,80F77418,,0,2,2,0,2,2,9,0.193309,0.255121,0,0
463,781C61C3,,0,1,1,0,1,1,2,0.6,0.666667,0,0
464,7CFF2E7B,,0,6,6,0,6,6,4,0.354545,0.435897,0,0
465,7EEA87CD,,0,1,1,0,1,1,1,1,1,0,0
466,789982C7,,1,0,1,1,0,1,0,0,0,0,0.002777
467,77EDB8FC,,0,1,1,0,1,1,5,0.318182,0.37381,0,0
468,81F715B6,,0,1,1,0,1,1,2,0.666667,0.75,0,0
469,77EE386A,,0,3,3,0,3,3,4,0.344828,0.429167,0,0
470,7E9AB5F8,,1,2,3,1,2,3,5,0.298969,0.355172,19.333333,0.002777
471,7F90ED05,,2,1,3,2,1,3,1,1,1,1,0.006802
472,785E5C6D,,2,0,2,2,0,2,0,0,0,0,0.005554
473,7FEBB751,,0,2,2,0,2,2,5,0.369863,0.431481,0,0
474,7DA3EF79,,1,2,3,1,2,3,1,1,1,2,0.002777
475,04ADFECC,,4,0,4,4,0,4,0,0,0,0,0.20148
476,785DF2F1,,1,0,1,1,0,1,0,0,0,0,0.002777
477,7A677D60,,0,1,1,0,1,1,1,1,1,0,0
478,7E46454B,,0,3,3,0,3,3,5,0.333333,0.389167,0,0
479,81457425,,0,1,1,0,1,1,5,0.346154,0.442593,0,0
480,6333855D,,1,0,1,1,0,1,0,0,0,0,0.002777
481,5E74E268,,0,5,5,0,5,5,3,0.578947,0.69697,0,0
482,80153F52,,1,0,1,1,0,1,0,0,0,0,0.002777
483,7AC4D4F1,,0,1,1,0,1,1,1,1,1,0,0
484,7760660C,,4,2,6,4,2,6,2,0.75,0.833333,47.25,0.029721
485,7F5765C8,,0,1,1,0,1,1,7,0.219298,0.259429,0,0
486,7D989507,,1,2,3,1,2,3,3,0.470588,0.520833,6.425,0.002777
487,80F25241,,17,5,22,17,5,22,8,0.230415,0.326619,995.529853,0.246281
488,806EA2EA,,0,1,1,0,1,1,1,1,1,0,0
489,7DEEAFC2,,0,4,4,0,4,4,3,0.461538,0.546296,0,0
490,58D519B1,,2,0,2,2,0,2,0,0,0,0,0.114355
491,7DB3C7D4,,0,4,4,0,4,4,3,0.5625,0.685185,0,0
492,687451DB,,0,1,1,0,1,1,1,1,1,0,0
493,79628E97,,6,0,6,6,0,6,0,0,0,0,0.01791
494,7BE97710,,2,0,2,2,0,2,0,0,0,0,0.006802
495,583BC29D,,2,0,2,2,0,2,0,0,0,0,0.009621
496,78741161,,1,2,3,1,2,3,1,1,1,0,0.005274
497,008901FD,,3,3,6,3,3,6,3,0.538462,0.666667,282.975,0.156374
498,5F7C319B,,2,1,3,2,1,3,1,1,1,28,0.021513
499,63E7C4CF,,0,4,4,0,4,4,4,0.408602,0.464912,0,0
500,81638BA7,,0,2,2,0,2,2,4,0.444444,0.510417,0,0
501,76C8B648,,6,1,7,6,1,7,1,1,1,10,0.02988
502,81ABF08E,,0,1,1,0,1,1,6,0.27907,0.330556,0,0
503,73546FB8,,0,1,1,0,1,1,2,0.666667,0.75,0,0
504,7F3AF49F,,0,3,3,0,3,3,7,0.257951,0.296706,0,0
505,7D96345C,,0,2,2,0,2,2,4,0.384615,0.427778,0,0
506,80FC8DF3,,1,1,2,1,1,2,3,0.428571,0.5,6,0.002777
507,68F5D4A4,,3,0,3,3,0,3,0,0,0,0,0.010828
508,5997F202,,0,2,2,0,2,2,5,0.354839,0.468182,0,0
509,5F33AB5D,,2,0,2,2,0,2,0,0,0,0,0.016385
510,8136678C,,42,0,42,42,0,42,0,0,0,0,0.141778
511,7F638555,,0,1,1,0,1,1,1,1,1,0,0
512,7AF9CF89,,0,2,2,0,2,2,6,0.278351,0.337037,0,0
513,065B3209,,1,0,1,1,0,1,0,0,0,0,0.002777
514,7C34142E,,0,1,1,0,1,1,1,1,1,0,0
515,7D4A2E90,,3,0,3,3,0,3,0,0,0,0,0.107089
516,7C90FAB7,,0,1,1,0,1,1,3,0.444444,0.541667,0,0
517,7D40603B,,1,0,1,1,0,1,0,0,0,0,0.005274
518,77AC6920,,0,1,1,0,1,1,1,1,1,0,0
519,786633EB,,48,2,50,48,2,50,1,1,1,1080.416667,0.436495
520,5878D767,,2,5,7,2,5,7,5,0.428571,0.623611,14.5,0.005554
521,7E59CAD1,,0,4,4,0,4,4,3,0.529412,0.666667,0,0
522,6360DE20,,0,5,5,0,5,5,6,0.319502,0.375325,0,0
523,79488D4F,,4,1,5,4,1,5,1,1,1,0,0.030812
524,06512BE8,,13,0,13,13,0,13,0,0,0,0,0.055823
525,80D84B97,,0,2,2,0,2,2,1,1,1,0,0
526,5A0EE170,,1,10,11,1,10,11,7,0.280763,0.344195,108.5,0.002777
527,7FE9216F,,0,5,5,0,5,5,6,0.314815,0.397386,0,0
528,7C392C71,,2,8,10,2,8,10,5,0.367647,0.456333,96,0.005554
529,75C47612,,1,1,2,1,1,2,5,0.257576,0.307843,0,0.002777
530,642B685A,,0,2,2,0,2,2,5,0.285714,0.37619,0,0
531,811C1D22,,8,8,16,8,8,16,3,0.666667,0.805556,96,0.023464
532,782C98B8,,0,2,2,0,2,2,1,1,1,0,0
533,7E429478,,0,2,2,0,2,2,1,1,1,0,0
534,7FBE0023,,7,5,12,7,5,12,4,0.5,0.630952,64.059524,0.020687
535,7ED8672A,,2,0,2,2,0,2,0,0,0,0,0.006802
536,7A7E8375,,0,2,2,0,2,2,8,0.217593,0.274063,0,0
537,81709A94,,1,0,1,1,0,1,0,0,0,0,0.002777
538,8148E9AC,,2,2,4,2,2,4,5,0.304348,0.351905,70,0.005554
539,7AD67A29,,0,2,2,0,2,2,7,0.255245,0.286432,0,0
540,7DF7F22C,,4,2,6,4,2,6,2,0.666667,0.75,34.833333,0.018737
541,77757110,,0,4,4,0,4,4,7,0.226103,0.260608,0,0
542,80D20076,,14,1,15,14,1,15,7,0.248705,0.284772,918.766667,0.260326
543,1271DBC1,,1,2,3,1,2,3,5,0.340426,0.420833,0,0.002777
544,5D554579,,1,0,1,1,0,1,0,0,0,0,0.002777
545,7ED00217,,3,1,4,3,1,4,1,1,1,3,0.008331
546,8105168F,,0,1,1,0,1,1,1,1,1,0,0
547,804270A7,,0,2,2,0,2,2,1,1,1,0,0
548,79AED70A,,0,1,1,0,1,1,1,1,1,0,0
549,7F7B85BF,,0,1,1,0,1,1,1,1,1,0,0
550,7715C76C,,0,1,1,0,1,1,1,1,1,0,0
551,7FC60B0B,,1,0,1,1,0,1,0,0,0,0,0.00458
552,02AEAA73,,7,0,7,7,0,7,0,0,0,0,0.02568
553,7F5D0110,,1,1,2,1,1,2,3,0.5,0.566667,0,0.002777
554,81550025,,1,2,3,1,2,3,1,1,1,1,0.002777
555,7DFF795B,,5,5,10,5,5,10,1,1,1,54,0.022485
556,7CEF18CC,,12,10,22,12,10,22,3,0.583333,0.666667,957.7,0.073245
557,603B4AD8,,0,1,1,0,1,1,1,1,1,0,0
558,79054B92,,0,1,1,0,1,1,3,0.5,0.566667,0,0
559,80493291,,7,4,11,7,4,11,4,0.47619,0.633333,32.309524,0.032383
560,5F18E556,,0,3,3,0,3,3,2,0.666667,0.75,0,0
561,798A4919,,0,1,1,0,1,1,3,0.5,0.566667,0,0
562,79F1DD1C,,1,1,2,1,1,2,1,1,1,0,0.002777
563,78DAD613,,2,0,2,2,0,2,0,0,0,0,0.006802
564,7E7423AA,,1,1,2,1,1,2,1,1,1,5.5,0.007632
565,078E0063,,1,0,1,1,0,1,0,0,0,0,0.002777
566,79E63BC7,,1,0,1,1,0,1,0,0,0,0,0.002777
567,075C496B,,0,1,1,0,1,1,1,1,1,0,0
568,7F3164EC,,0,3,3,0,3,3,2,0.8,0.875,0,0
569,58C83A98,,1,0,1,1,0,1,0,0,0,0,0.002777
570,7E097835,,0,1,1,0,1,1,1,1,1,0,0
571,7E562B49,,0,1,1,0,1,1,1,1,1,0,0
572,5B8131EB,,2,0,2,2,0,2,0,0,0,0,0.006802
573,78812650,,0,1,1,0,1,1,1,1,1,0,0
574,8154CAB8,,0,1,1,0,1,1,1,1,1,0,0
575,76A56D67,,1,0,1,1,0,1,0,0,0,0,0.002777
576,5BBBAF58,,0,1,1,0,1,1,1,1,1,0,0
577,7B4A83CC,,1,0,1,1,0,1,0,0,0,0,0.002777
578,80655C8D,,2,2,4,2,2,4,1,1,1,1.5,0.006802
579,7F36C997,,2,0,2,2,0,2,0,0,0,0,0.006802
580,7EC35CB6,,1,0,1,1,0,1,0,0,0,0,0.002777
581,5D7D9EF4,,2,7,9,2,7,9,3,0.52381,0.621212,28.166667,0.006802
582,7E70E8F2,,1,1,2,1,1,2,4,0.375,0.472222,2.333333,0.002777
583,7EEFC792,,0,2,2,0,2,2,4,0.4,0.555556,0,0
584,6EEC7B47,,17,1,18,17,1,18,1,1,1,142.483333,0.211615
585,7547B23B,,1,0,1,1,0,1,0,0,0,0,0.002777
586,7F37D0A4,,1,2,3,1,2,3,5,0.318182,0.379762,2,0.004025
587,7E619677,,2,12,14,2,12,14,4,0.427746,0.506757,139.666667,0.005554
588,7BCFF3DC,,1,0,1,1,0,1,0,0,0,0,0.002777
589,76141E4C,,0,4,4,0,4,4,6,0.284133,0.336147,0,0
590,78A137E5,,0,1,1,0,1,1,1,1,1,0,0
591,7DA55369,,2,1,3,2,1,3,2,0.571429,0.625,6.833333,0.005554
592,5A23EA84,,1,0,1,1,0,1,0,0,0,0,0.002777
593,7F6DA698,,10,4,14,10,4,14,5,0.361111,0.417308,645.65,0.036785
594,80B7396A,,0,1,1,0,1,1,1,1,1,0,0
595,7F1FED33,,0,4,4,0,4,4,1,1,1,0,0
596,7DF5F0D9,,0,4,4,0,4,4,7,0.253394,0.32432,0,0
597,81081502,,0,2,2,0,2,2,2,0.625,0.7,0,0
598,80D5C8C2,,1,0,1,1,0,1,0,0,0,0,0.002777
599,7FA58FC0,,0,2,2,0,2,2,2,0.75,0.833333,0,0
600,815FD77A,,2,3,5,2,3,5,3,0.529412,0.62963,10.75,0.005554
601,7EA6AC6C,,1,2,3,1,2,3,1,1,1,1,0.002777
602,77B46927,,2,0,2,2,0,2,0,0,0,0,0.013958
603,8038EF0E,,7,4,11,7,4,11,2,0.75,0.833333,50,0.021935
604,7D38882D,,5,0,5,5,0,5,0,0,0,0,0.022762
605,5928E982,,1,0,1,1,0,1,0,0,0,0,0.002777
606,7C45FCBC,,2,1,3,2,1,3,1,1,1,2,0.005554
607,04180E78,,0,1,1,0,1,1,7,0.252874,0.303084,0,0
608,80FC6820,,0,2,2,0,2,2,5,0.324786,0.370175,0,0
609,7E3531EC,,0,2,2,0,2,2,6,0.27907,0.391667,0,0
610,5AF0A47F,,0,1,1,0,1,1,1,1,1,0,0
611,816EB681,,0,3,3,0,3,3,3,0.5,0.611111,0,0
612,7AA6E52A,,1,1,2,1,1,2,1,1,1,1,0.002777
613,0E25E5EE,,0,14,14,0,14,14,6,0.335681,0.414918,0,0
614,7DEE62E4,,0,1,1,0,1,1,1,1,1,0,0
615,7D5CB345,,2,10,12,2,10,12,6,0.363636,0.467448,1122.064377,0.114355
616,7F9FE1C6,,0,4,4,0,4,4,3,0.5625,0.685185,0,0
617,086C59A4,,0,1,1,0,1,1,1,1,1,0,0
618,5E96D355,,0,2,2,0,2,2,2,0.75,0.833333,0,0
619,80A9EC52,,0,2,2,0,2,2,6,0.278351,0.337037,0,0
620,75D118E4,,1,0,1,1,0,1,0,0,0,0,0.002777
621,7FA86514,,0,1,1,0,1,1,4,0.423077,0.477273,0,0
622,788AD094,,2,2,4,2,2,4,8,0.213415,0.277007,70,0.005554
623,7FF5AFE6,,2,7,9,2,7,9,7,0.262023,0.309885,45.416667,0.005554
624,79505BEF,,0,2,2,0,2,2,2,0.625,0.7,0,0
625,7EE37971,,4,1,5,4,1,5,2,0.545455,0.583333,29,0.016101
626,0584194A,,1,0,1,1,0,1,0,0,0,0,0.005829
627,7D2A24DC,,0,1,1,0,1,1,4,0.376623,0.408046,0,0
628,7D4A17C0,,0,1,1,0,1,1,2,0.6,0.666667,0,0
629,7D9DF1E6,,0,2,2,0,2,2,1,1,1,0,0
630,069DE568,,0,1,1,0,1,1,1,1,1,0,0
631,75436151,,0,1,1,0,1,1,2,0.666667,0.75,0,0
632,7F7F75FF,,1,0,1,1,0,1,0,0,0,0,0.002777
633,06D71796,,1,1,2,1,1,2,4,0.342857,0.395833,35.5,0.025856
634,7EF84F0A,,2,0,2,2,0,2,0,0,0,0,0.008051
635,7E43FFA6,,0,2,2,0,2,2,6,0.295455,0.350427,0,0
636,757F77C0,,1,1,2,1,1,2,6,0.253968,0.30625,12,0.006522
637,0344F499,,5,4,9,5,4,9,2,0.7,0.785714,18,0.01763
638,7D0075B3,,2,0,2,2,0,2,0,0,0,0,0.006802
639,6049E046,,46,7,53,46,7,53,3,0.647059,0.787879,2187.709524,0.278147
640,790090B0,,1,0,1,1,0,1,0,0,0,0,0.002777
641,7A077500,,1,3,4,1,3,4,2,0.8,0.875,4,0.002777
642,752926D9,,2,0,2,2,0,2,0,0,0,0,0.009854
643,7A2DCFC9,,0,3,3,0,3,3,3,0.625,0.766667,0,0
644,7D75F896,,0,2,2,0,2,2,4,0.433333,0.512821,0,0
645,7F759EB6,,1,2,3,1,2,3,2,0.75,0.833333,6,0.004025
646,75277D5F,,0,1,1,0,1,1,1,1,1,0,0
647,7F481AC7,,1,5,6,1,5,6,4,0.487179,0.583333,19,0.002777
648,77163A28,,5,6,11,5,6,11,2,0.714286,0.8,82.666667,0.019519
649,02DC39A4,,1,0,1,1,0,1,0,0,0,0,0.005274
650,7674D764,,6,3,9,6,3,9,2,0.8,0.875,55.666667,0.030267
651,7FD68FFA,,1,0,1,1,0,1,0,0,0,0,0.002777
652,6897C4D5,,5,2,7,5,2,7,3,0.5,0.633333,170.333333,0.175997
653,80E7C2E7,,0,15,15,0,15,15,6,0.32,0.380682,0,0
654,5C9B0BCD,,2,0,2,2,0,2,0,0,0,0,0.047144
655,01982927,,0,6,6,0,6,6,5,0.45,0.547531,0,0
656,00D01773,,0,1,1,0,1,1,7,0.219298,0.259429,0,0
657,7E507BC1,,1,1,2,1,1,2,1,1,1,1,0.002777
658,7FF2F748,,0,1,1,0,1,1,1,1,1,0,0
659,5C4215D4,,2,0,2,2,0,2,0,0,0,0,0.008051
660,5E40259A,,7,0,7,7,0,7,0,0,0,0,0.027888
661,5CDCA705,,1,0,1,1,0,1,0,0,0,0,0.004025
662,7F037546,,2,4,6,2,4,6,4,0.451613,0.571429,26.833333,0.006802
663,80542891,,0,1,1,0,1,1,1,1,1,0,0
664,7DCCF26B,,0,1,1,0,1,1,1,1,1,0,0
665,7DAACEE4,,0,1,1,0,1,1,1,1,1,0,0
666,77F1B2B6,,12,0,12,12,0,12,0,0,0,0,0.065664
667,7E3FC18A,,1,2,3,1,2,3,1,1,1,2,0.002777
668,7EB74CF6,,3,5,8,3,5,8,3,0.5,0.598039,16.666667,0.009579
669,7ECFB25E,,0,1,1,0,1,1,3,0.466667,0.52381,0,0
670,7CF91387,,3,0,3,3,0,3,0,0,0,0,0.008331
671,8100F5BE,,0,1,1,0,1,1,1,1,1,0,0
672,7C439B6E,,1,1,2,1,1,2,2,0.666667,0.75,0,0.002777
673,803B565A,,0,3,3,0,3,3,8,0.222749,0.294276,0,0
674,77F87401,,2,1,3,2,1,3,1,1,1,5,0.007357
675,801470FF,,0,1,1,0,1,1,1,1,1,0,0
676,7CA39FD4,,2,2,4,2,2,4,6,0.295455,0.40641,24.553114,0.009242
677,7F4F5E90,,0,1,1,0,1,1,2,0.6,0.666667,0,0
678,6E1536E8,,11,0,11,11,0,11,0,0,0,0,0.041088
679,5E58D4C1,,1,0,1,1,0,1,0,0,0,0,0.002777
680,7A585662,,2,1,3,2,1,3,6,0.268966,0.303846,20,0.005554
681,7EB8E3A2,,0,2,2,0,2,2,4,0.421053,0.489583,0,0
682,7F91F88C,,0,2,2,0,2,2,4,0.421053,0.53125,0,0
683,76B2FE22,,0,1,1,0,1,1,1,1,1,0,0
684,7F8E24D5,,0,2,2,0,2,2,7,0.217742,0.253263,0,0
685,81395C8C,,0,2,2,0,2,2,4,0.433333,0.512821,0,0
686,5B1448C1,,17,1,18,17,1,18,1,1,1,224.019048,0.4213
687,7FF9B70B,,13,9,22,13,9,22,2,0.736842,0.821429,1061.902381,0.088349
688,765C219D,,5,2,7,5,2,7,4,0.428571,0.537037,38.916667,0.04382
689,72B3B084,,2,0,2,2,0,2,0,0,0,0,0.009299
690,80ECB207,,1,0,1,1,0,1,0,0,0,0,0.111578
691,6EA92515,,1,0,1,1,0,1,0,0,0,0,0.002777
692,7AAD6555,,1,2,3,1,2,3,1,1,1,0,0.002777
693,7921D0E6,,0,3,3,0,3,3,7,0.219251,0.246245,0,0
694,5AC8D00C,,1,0,1,1,0,1,0,0,0,0,0.004025
695,808D4072,,0,1,1,0,1,1,1,1,1,0,0
696,76DE6852,,1,2,3,1,2,3,2,0.666667,0.75,4,0.002777
697,5870F6DE,,0,3,3,0,3,3,9,0.206667,0.277259,0,0
698,80828634,,0,1,1,0,1,1,1,1,1,0,0
699,81547887,,0,1,1,0,1,1,1,1,1,0,0
700,5E6A50AD,,2,1,3,2,1,3,3,0.428571,0.5,2,0.037508
701,80D17453,,1,2,3,1,2,3,3,0.5,0.633333,5,0.002777
702,8067D0FB,,1,1,2,1,1,2,2,0.666667,0.75,6,0.005274
703,5CFD100E,,1,1,2,1,1,2,3,0.5,0.566667,0,0.002777
704,7552E012,,0,2,2,0,2,2,1,1,1,0,0
705,80A5FC02,,0,7,7,0,7,7,7,0.324219,0.399512,0,0
706,5CDD70D3,,0,1,1,0,1,1,3,0.428571,0.5,0,0
707,5EE42C2C,,2,0,2,2,0,2,0,0,0,0,0.005554
708,805E5B4D,,0,3,3,0,3,3,3,0.518519,0.583333,0,0
709,80E2A44F,,0,3,3,0,3,3,9,0.183908,0.244783,0,0
710,70475A0E,,0,2,2,0,2,2,7,0.258824,0.325812,0,0
711,260A5B10,,0,1,1,0,1,1,1,1,1,0,0
712,5CF96916,,3,0,3,3,0,3,0,0,0,0,0.14048
713,6CD8BE0D,,0,2,2,0,2,2,7,0.226087,0.287912,0,0
714,7FE7EB35,,1,1,2,1,1,2,4,0.326531,0.380208,0,0.002777
715,7C9312D4,,1,5,6,1,5,6,6,0.319095,0.372966,111.266667,0.002777
716,7F33516E,,0,3,3,0,3,3,1,1,1,0,0
717,7D5A3079,,0,1,1,0,1,1,1,1,1,0,0
718,8067EA50,,3,0,3,3,0,3,0,0,0,0,0.008331
719,7D41281F,,0,1,1,0,1,1,5,0.347826,0.395139,0,0
720,797693EE,,1,0,1,1,0,1,0,0,0,0,0.002777
721,8067FA57,,3,1,4,3,1,4,2,0.571429,0.625,5.166667,0.012631
722,76148332,,5,0,5,5,0,5,0,0,0,0,0.029668
723,7DC356D2,,0,3,3,0,3,3,3,0.473684,0.537037,0,0
724,7FB254B2,,1,1,2,1,1,2,3,0.444444,0.541667,4,0.002777
725,7CFC799C,,6,6,12,6,6,12,6,0.344633,0.422131,326.50119,0.129207
726,7E91859D,,1,0,1,1,0,1,0,0,0,0,0.002777
727,7F8FB6C0,,1,1,2,1,1,2,3,0.416667,0.5,0,0.004025
728,2F3B06A8,,1,0,1,1,0,1,0,0,0,0,0.005829
729,807D723C,,1,0,1,1,0,1,0,0,0,0,0.002777
730,7E822349,,0,3,3,0,3,3,3,0.533333,0.645833,0,0
731,807AFD54,,3,1,4,3,1,4,5,0.359551,0.405729,25.333333,0.010828
732,7EA8C22E,,1,4,5,1,4,5,7,0.241715,0.276978,5.5,0.002777
733,7EA5F65F,,0,2,2,0,2,2,2,0.75,0.833333,0,0
734,7EAA6BA1,,1,0,1,1,0,1,0,0,0,0,0.002777
735,64DA36CD,,1,0,1,1,0,1,0,0,0,0,0.009296
736,7A58676C,,0,2,2,0,2,2,1,1,1,0,0
737,5AC8387F,,0,1,1,0,1,1,1,1,1,0,0
738,800CBB16,,1,0,1,1,0,1,0,0,0,0,0.002777
739,7FDB17C1,,0,1,1,0,1,1,1,1,1,0,0
740,0FD8C4B7,,1,2,3,1,2,3,3,0.545455,0.638889,1,0.002777
741,7D2665FC,,1,0,1,1,0,1,0,0,0,0,0.002777
742,7C0FF5D1,,0,4,4,0,4,4,3,0.526316,0.65,0,0
743,7EE885A1,,1,1,2,1,1,2,3,0.428571,0.5,6,0.002777
744,7D2F11FB,,0,1,1,0,1,1,1,1,1,0,0
745,7D30D9F3,,0,1,1,0,1,1,2,0.571429,0.625,0,0
746,7F50E5CA,,0,1,1,0,1,1,1,1,1,0,0
747,7E70F9FB,,1,0,1,1,0,1,0,0,0,0,0.002777
748,7D5398B2,,1,2,3,1,2,3,4,0.433333,0.512821,1,0.002777
749,7F2DDE84,,2,1,3,2,1,3,2,0.666667,0.75,0.666667,0.008051
750,6925798C,,1,0,1,1,0,1,0,0,0,0,0.002777
751,7F2F44EA,,0,1,1,0,1,1,1,1,1,0,0
752,797D4CB6,,4,0,4,4,0,4,0,0,0,0,0.013604
753,5ABD6156,,0,2,2,0,2,2,6,0.303279,0.352703,0,0
754,064FCB2E,,1,1,2,1,1,2,1,1,1,0,0.002777
755,681C3C89,,40,0,40,40,0,40,0,0,0,0,0.323866
756,7E62FD1B,,0,7,7,0,7,7,7,0.288056,0.353271,0,0
757,7BBDD26D,,2,0,2,2,0,2,0,0,0,0,0.005554
758,7E48C84B,,1,0,1,1,0,1,0,0,0,0,0.002777
759,78DD597D,,1,0,1,1,0,1,0,0,0,0,0.002777
760,7A730712,,15,0,15,15,0,15,0,0,0,0,0.419671
761,7E25BD71,,2,10,12,2,10,12,8,0.287257,0.370999,74.604762,0.005554
762,794E443B,,3,0,3,3,0,3,0,0,0,0,0.008331
763,786ED4B0,,0,1,1,0,1,1,2,0.666667,0.75,0,0
764,76778072,,0,4,4,0,4,4,2,0.833333,0.9,0,0
765,7E2E62FD,,0,1,1,0,1,1,6,0.254658,0.286585,0,0
766,77ACBECC,,1,4,5,1,4,5,8,0.225389,0.278667,30.185714,0.002777
767,80DF9F84,,2,2,4,2,2,4,6,0.297143,0.353526,92.5,0.005554
768,7AC5CFF9,,0,1,1,0,1,1,9,0.220736,0.287223,0,0
769,76CBDDB3,,0,1,1,0,1,1,4,0.413793,0.472222,0,0
770,7DEB9D30,,2,0,2,2,0,2,0,0,0,0,0.006802
771,76651213,,0,8,8,0,8,8,3,0.592593,0.71875,0,0
772,76B7B17B,,0,1,1,0,1,1,1,1,1,0,0
773,7BB82D3F,,1,0,1,1,0,1,0,0,0,0,0.002777
774,7E40896A,,1,0,1,1,0,1,0,0,0,0,0.002777
775,7A7B6E32,,1,1,2,1,1,2,1,1,1,1,0.002777
776,7D44BA64,,0,4,4,0,4,4,4,0.472222,0.568627,0,0
777,7FDBC34E,,2,2,4,2,2,4,5,0.354839,0.468182,23.81978,0.017793
778,751E9341,,4,2,6,4,2,6,9,0.190647,0.249993,28.517857,0.134979
779,5E5A9FB6,,0,2,2,0,2,2,4,0.36,0.472222,0,0
780,7DE09359,,3,0,3,3,0,3,0,0,0,0,0.008331
781,7DB5A020,,2,0,2,2,0,2,0,0,0,0,0.102278
782,587C8E86,,1,1,2,1,1,2,1,1,1,0,0.002777
783,7E6F15D7,,2,0,2,2,0,2,0,0,0,0,0.006802
784,802EBB8B,,0,2,2,0,2,2,7,0.248485,0.299419,0,0
785,7FD79625,,0,2,2,0,2,2,1,1,1,0,0
786,7EA864E1,,5,3,8,5,3,8,3,0.625,0.766667,22,0.023178
787,812716CD,,1,2,3,1,2,3,3,0.421053,0.520833,3.166667,0.002777
788,6B6E4433,,2,2,4,2,2,4,1,1,1,6,0.006802
789,80DCD5E4,,1,1,2,1,1,2,1,1,1,1,0.002777
790,5CF74645,,0,1,1,0,1,1,1,1,1,0,0
791,762D0754,,4,1,5,4,1,5,3,0.444444,0.541667,92.85,0.054988
792,7E693B69,,6,2,8,6,2,8,5,0.357143,0.419333,320,0.022569
793,79008829,,1,3,4,1,3,4,3,0.466667,0.52381,14.5,0.002777
794,803D11F1,,6,1,7,6,1,7,2,0.666667,0.75,5.916667,0.052768
795,7EDA1403,,3,10,13,3,10,13,4,0.6,0.718254,64.528604,0.012403
796,7AF172F1,,0,3,3,0,3,3,1,1,1,0,0
797,7EE298BF,,1,1,2,1,1,2,1,1,1,2,0.004025
798,7EC9B3A7,,1,0,1,1,0,1,0,0,0,0,0.004025
799,5E0A4E55,,0,1,1,0,1,1,3,0.5,0.566667,0,0
800,7576EA13,,1,0,1,1,0,1,0,0,0,0,0.006522
801,7DE20A7F,,0,5,5,0,5,5,4,0.461538,0.578704,0,0
802,8020877C,,4,6,10,4,6,10,6,0.318421,0.375758,45.604762,0.015408
803,58BE89B7,,0,1,1,0,1,1,1,1,1,0,0
804,7ED9B1B6,,0,11,11,0,11,11,7,0.279891,0.368863,0,0
805,5C699948,,0,1,1,0,1,1,6,0.306701,0.345518,0,0
806,7F914038,,2,0,2,2,0,2,0,0,0,0,0.005554
807,7EF53785,,3,15,18,3,15,18,6,0.355392,0.431379,214.809524,0.008331
808,63E5534E,,0,4,4,0,4,4,6,0.31829,0.363682,0,0
809,5979EFEB,,0,1,1,0,1,1,5,0.287234,0.325926,0,0
810,7FA0E6FA,,1,0,1,1,0,1,0,0,0,0,0.004025
811,7E66E187,,1,0,1,1,0,1,0,0,0,0,0.002777
812,7CF1D0CA,,3,4,7,3,4,7,4,0.444444,0.533333,44.4,0.013324
813,5C10069D,,1,0,1,1,0,1,0,0,0,0,0.002777
814,8258F065,,0,4,4,0,4,4,4,0.395349,0.514706,0,0
815,77B80498,,1,14,15,1,14,15,6,0.380682,0.493284,55.333333,0.002777
816,763D04B0,,2,0,2,2,0,2,0,0,0,0,0.005554
817,79E7D2E8,,6,6,12,6,6,12,4,0.433333,0.538462,140.333333,0.020684
818,7E4409FC,,7,2,9,7,2,9,7,0.258824,0.325812,564.333333,0.095438
819,8041E4C7,,1,1,2,1,1,2,1,1,1,0,0.002777
820,7F99051C,,0,2,2,0,2,2,6,0.30829,0.35112,0,0
821,801CD5CE,,1,2,3,1,2,3,1,1,1,2,0.002777
822,5A6206AE,,0,1,1,0,1,1,2,0.666667,0.75,0,0
823,7ED7FCDE,,0,1,1,0,1,1,1,1,1,0,0
824,741EB60C,,2,0,2,2,0,2,0,0,0,0,0.005554
825,775EC279,,1,2,3,1,2,3,2,0.666667,0.75,2,0.002777
826,769710E3,,1,0,1,1,0,1,0,0,0,0,0.002777
827,7825C242,,2,0,2,2,0,2,0,0,0,0,0.006802
828,7E14A0F0,,0,2,2,0,2,2,3,0.5,0.583333,0,0
829,7FE5E94B,,0,1,1,0,1,1,2,0.666667,0.75,0,0
830,71C49801,,8,0,8,8,0,8,0,0,0,0,0.028457
831,04CB446B,,2,0,2,2,0,2,0,0,0,0,0.010547
832,7F72C8F2,,5,0,5,5,0,5,0,0,0,0,0.026645
833,76559787,,1,1,2,1,1,2,1,1,1,0,0.002777
834,7A0805EE,,1,0,1,1,0,1,0,0,0,0,0.002777
835,7EAA7CF7,,0,2,2,0,2,2,4,0.433333,0.512821,0,0
836,804C9AC9,,0,3,3,0,3,3,2,0.8,0.875,0,0
837,7E2327DC,,0,5,5,0,5,5,7,0.247012,0.291763,0,0
838,7D56F281,,0,2,2,0,2,2,6,0.308725,0.362319,0,0
839,5E86932D,,1,1,2,1,1,2,1,1,1,1,0.002777
840,7B9B8F2B,,2,3,5,2,3,5,7,0.240777,0.271601,8,0.005554
841,779EA918,,0,2,2,0,2,2,1,1,1,0,0
842,68A2FE7B,,3,2,5,3,2,5,7,0.255814,0.32987,160,0.010828
843,7F186EEE,,0,2,2,0,2,2,3,0.428571,0.518519,0,0
844,7C279D19,,1,0,1,1,0,1,0,0,0,0,0.002777
845,798FB404,,2,0,2,2,0,2,0,0,0,0,0.012016
846,8126095A,,0,7,7,0,7,7,2,0.818182,0.888889,0,0
847,7F02D7C1,,1,0,1,1,0,1,0,0,0,0,0.002777
848,7687233E,,1,3,4,1,3,4,3,0.5,0.6,2,0.002777
849,8169165B,,0,2,2,0,2,2,2,0.75,0.833333,0,0
850,82434E1D,,0,3,3,0,3,3,3,0.470588,0.541667,0,0
851,7DFA1216,,2,3,5,2,3,5,5,0.333333,0.389167,42,0.005554
852,797BAB7F,,0,2,2,0,2,2,1,1,1,0,0
853,80F19D28,,0,8,8,0,8,8,5,0.389831,0.485145,0,0
854,7DD417FD,,1,3,4,1,3,4,2,0.666667,0.75,6,0.002777
855,7EC80C0C,,1,4,5,1,4,5,2,0.7,0.785714,7,0.002777
856,7978691D,,2,1,3,2,1,3,4,0.36,0.435185,8,0.006802
857,76936D58,,6,11,17,6,11,17,4,0.49,0.569728,793.15,0.032376
858,5974D6E2,,0,1,1,0,1,1,9,0.190299,0.240515,0,0
859,8012F935,,1,1,2,1,1,2,2,0.571429,0.625,0,0.004025
860,5E70D352,,1,2,3,1,2,3,2,0.625,0.7,0,0.002777
861,7BC09C66,,1,0,1,1,0,1,0,0,0,0,0.002777
862,7CBD3130,,0,2,2,0,2,2,4,0.368421,0.511905,0,0
863,7FB50C17,,0,3,3,0,3,3,5,0.377778,0.479412,0,0
864,804BA374,,1,2,3,1,2,3,4,0.461538,0.597222,6,0.002777
865,7F888558,,0,1,1,0,1,1,5,0.268657,0.317593,0,0
866,755A79A7,,0,1,1,0,1,1,1,1,1,0,0
867,796DBCF6,,3,5,8,3,5,8,3,0.529412,0.611111,46.833333,0.008331
868,781ACC93,,1,1,2,1,1,2,2,0.666667,0.75,4,0.004025
869,6F869887,,0,2,2,0,2,2,3,0.545455,0.638889,0,0
870,7DD13DF4,,5,4,9,5,4,9,2,0.833333,0.9,21.666667,0.020404
871,025C803C,,5,0,5,5,0,5,0,0,0,0,0.015133
872,05BC8416,,0,3,3,0,3,3,3,0.5,0.642857,0,0
873,7ED181D4,,0,3,3,0,3,3,4,0.457143,0.536458,0,0
874,77F2621C,,1,0,1,1,0,1,0,0,0,0,0.002777
875,7B368C93,,0,4,4,0,4,4,3,0.456522,0.531746,0,0
876,7BF954FD,,2,3,5,2,3,5,7,0.262887,0.32619,52,0.005554
877,809CBCBE,,0,2,2,0,2,2,2,0.666667,0.75,0,0
878,7ABF46D7,,0,1,1,0,1,1,1,1,1,0,0
879,5FDC48EB,,3,1,4,3,1,4,3,0.444444,0.541667,12,0.008331
880,7FB052BB,,1,0,1,1,0,1,0,0,0,0,0.002777
881,810149DD,,0,1,1,0,1,1,6,0.306701,0.345518,0,0
882,76F0FC07,,0,1,1,0,1,1,9,0.188462,0.233074,0,0
883,58E2F822,,0,1,1,0,1,1,4,0.342857,0.395833,0,0
884,7C55587A,,0,4,4,0,4,4,3,0.555556,0.666667,0,0
885,5BE9F8D7,,4,1,5,4,1,5,6,0.269663,0.311806,96,0.012356
886,7940DD7F,,0,2,2,0,2,2,2,0.75,0.833333,0,0
887,755D5E8E,,5,0,5,5,0,5,0,0,0,0,0.018185
888,7E9D27B5,,0,1,1,0,1,1,2,0.545455,0.583333,0,0
889,7E0C7757,,0,2,2,0,2,2,2,0.625,0.7,0,0
890,8043E958,,0,1,1,0,1,1,4,0.375,0.427778,0,0
891,7F763AA3,,0,2,2,0,2,2,4,0.346939,0.411765,0,0
892,80EB1B4A,,2,1,3,2,1,3,1,1,1,0,0.005554
893,7E6FB345,,1,3,4,1,3,4,1,1,1,3,0.002777
894,7E027EAC,,1,1,2,1,1,2,7,0.253472,0.277299,0,0.005551
895,6B6BDC45,,4,1,5,4,1,5,3,0.444444,0.541667,8,0.011108
896,7860A3D0,,58,0,58,58,0,58,0,0,0,0,0.652964
897,689143AC,,0,7,7,0,7,7,7,0.275439,0.326767,0,0
898,7AA167D7,,1,0,1,1,0,1,0,0,0,0,0.002777
899,7E0D2016,,1,0,1,1,0,1,0,0,0,0,0.002777
900,7FCBFAD2,,0,3,3,0,3,3,3,0.5,0.583333,0,0
901,7F3AEE4A,,1,0,1,1,0,1,0,0,0,0,0.002777
902,807589F1,,2,2,4,2,2,4,1,1,1,4,0.005554
903,790D68A2,,1,1,2,1,1,2,1,1,1,0,0.002777
904,7D02C56E,,0,2,2,0,2,2,2,0.625,0.7,0,0
905,7819D682,,2,0,2,2,0,2,0,0,0,0,0.005554
906,7F488721,,1,1,2,1,1,2,3,0.4375,0.5,4,0.002777
907,80F5CBEE,,0,1,1,0,1,1,1,1,1,0,0
908,8033839E,,14,8,22,14,8,22,3,0.684211,0.794872,1276.071429,0.135229
909,777BA0CF,,0,2,2,0,2,2,4,0.433333,0.512821,0,0
910,7E8023E0,,0,2,2,0,2,2,7,0.25,0.278339,0,0
911,803799AB,,0,1,1,0,1,1,4,0.419355,0.474359,0,0
912,7B599A6F,,23,1,24,23,1,24,2,0.6,0.666667,534.838095,0.345881
913,79126429,,1,1,2,1,1,2,1,1,1,1,0.002777
914,2657FAE4,,0,1,1,0,1,1,1,1,1,0,0
915,7B3F1CBC,,0,1,1,0,1,1,1,1,1,0,0
916,7D2ADB51,,2,2,4,2,2,4,1,1,1,3.5,0.010547
917,80C3323A,,0,1,1,0,1,1,2,0.571429,0.625,0,0
918,761D4908,,0,2,2,0,2,2,3,0.48,0.541667,0,0
919,788A5978,,1,0,1,1,0,1,0,0,0,0,0.002777
920,8010DAF0,,2,1,3,2,1,3,2,0.6,0.666667,3,0.022199
921,7C309282,,0,1,1,0,1,1,1,1,1,0,0
922,7FFD99CA,,0,2,2,0,2,2,4,0.433333,0.512821,0,0
923,80293175,,0,3,3,0,3,3,3,0.5,0.642857,0,0
924,7957C884,,0,1,1,0,1,1,2,0.571429,0.625,0,0
925,096AEEA7,,1,3,4,1,3,4,2,0.714286,0.8,0,0.02887
926,7C00D8FE,,0,10,10,0,10,10,6,0.322296,0.38847,0,0
927,722D1719,,0,1,1,0,1,1,4,0.4,0.520833,0,0
928,5EE0B4D3,,0,2,2,0,2,2,1,1,1,0,0
929,7985E091,,0,2,2,0,2,2,6,0.281407,0.322917,0,0
930,7A766BFF,,3,0,3,3,0,3,0,0,0,0,0.111813
931,59D8E069,,6,1,7,6,1,7,2,0.666667,0.75,9,0.09833
932,0301A3F5,,0,1,1,0,1,1,1,1,1,0,0
933,7C193FDB,,2,1,3,2,1,3,9,0.1875,0.238186,57.5,0.005554
934,0C266AF7,,1,0,1,1,0,1,0,0,0,0,0.002777
935,42D404CB,,0,2,2,0,2,2,1,1,1,0,0
936,78F52477,,1,1,2,1,1,2,1,1,1,1,0.002777
937,6280BE62,,0,5,5,0,5,5,5,0.359551,0.447396,0,0
938,7EA63066,,0,1,1,0,1,1,1,1,1,0,0
939,5F6DDD01,,9,2,11,9,2,11,6,0.30829,0.35112,888.046429,0.042715
940,0E909DDA,,0,1,1,0,1,1,1,1,1,0,0
941,7C693E27,,0,1,1,0,1,1,1,1,1,0,0
942,80D0DD2E,,0,7,7,0,7,7,6,0.36478,0.446264,0,0
943,80410DD5,,0,3,3,0,3,3,3,0.625,0.766667,0,0
944,589EEA28,,0,3,3,0,3,3,4,0.388889,0.494048,0,0
945,8122707C,,2,0,2,2,0,2,0,0,0,0,0.005554
946,5F6A1E50,,1,1,2,1,1,2,5,0.346154,0.442593,8,0.002777
947,80C10E4E,,11,0,11,11,0,11,0,0,0,0,0.038037
948,7ED0FB52,,2,0,2,2,0,2,0,0,0,0,0.009894
949,8071133E,,0,1,1,0,1,1,1,1,1,0,0
950,7ED9E3E7,,12,2,14,12,2,14,6,0.32337,0.367507,2416.327381,0.066196
951,80B2EBAC,,0,2,2,0,2,2,2,0.666667,0.75,0,0
952,7750DA47,,0,3,3,0,3,3,1,1,1,0,0
953,79800D4E,,1,0,1,1,0,1,0,0,0,0,0.002777
954,83794961,,0,1,1,0,1,1,5,0.302419,0.331333,0,0
955,5A71ECF9,,0,1,1,0,1,1,3,0.5,0.566667,0,0
956,05351BAE,,9,0,9,9,0,9,0,0,0,0,0.094048
957,816573A6,,0,2,2,0,2,2,3,0.5,0.574074,0,0
958,7745FCE6,,0,1,1,0,1,1,3,0.4375,0.5,0,0
959,0ACBCA8D,,3,0,3,3,0,3,0,0,0,0,0.047775
960,7E3EF7BF,,0,1,1,0,1,1,1,1,1,0,0
961,7ECC7E83,,0,1,1,0,1,1,1,1,1,0,0
962,5EEE044E,,0,3,3,0,3,3,6,0.298077,0.374194,0,0
963,802DA681,,1,5,6,1,5,6,5,0.386364,0.470098,7.333333,0.002777
964,5C93D1E1,,2,0,2,2,0,2,0,0,0,0,0.005554
965,810D6CE8,,1,0,1,1,0,1,0,0,0,0,0.002777
966,7D2BFC66,,11,0,11,11,0,11,0,0,0,0,0.12323
967,80951F84,,0,1,1,0,1,1,1,1,1,0,0
968,76CAC348,,0,2,2,0,2,2,2,0.666667,0.75,0,0
969,80075029,,0,2,2,0,2,2,3,0.538462,0.619048,0,0
970,80652F23,,0,4,4,0,4,4,5,0.327586,0.452632,0,0
971,78AC8492,,0,1,1,0,1,1,1,1,1,0,0
972,5F113539,,0,1,1,0,1,1,1,1,1,0,0
973,80DC1B7C,,10,0,10,10,0,10,0,0,0,0,0.107974
974,801D527C,,1,5,6,1,5,6,6,0.264706,0.330688,49.338095,0.002777
975,7C19C4DC,,0,4,4,0,4,4,7,0.264423,0.349437,0,0
976,7D482764,,0,2,2,0,2,2,2,0.625,0.7,0,0
977,7A8EB39B,,0,1,1,0,1,1,1,1,1,0,0
978,5E961408,,1,0,1,1,0,1,0,0,0,0,0.005829
979,80C6D5CD,,1,1,2,1,1,2,1,1,1,1,0.002777
980,80BD6587,,1,0,1,1,0,1,0,0,0,0,0.002777
981,7678CA74,,0,11,11,0,11,11,5,0.491525,0.633333,0,0
982,7B52BDB6,,0,1,1,0,1,1,3,0.4375,0.5,0,0
983,5AF5B15C,,0,1,1,0,1,1,6,0.297521,0.334722,0,0
984,7C1B2AFC,,0,1,1,0,1,1,1,1,1,0,0
985,5D259943,,1,0,1,1,0,1,0,0,0,0,0.022008
986,0B831FB1,,0,1,1,0,1,1,1,1,1,0,0
987,7DC9656D,,1,1,2,1,1,2,5,0.270833,0.328205,12,0.004025
988,82A7DAA9,,0,1,1,0,1,1,8,0.206478,0.236228,0,0
989,7DB77B74,,2,1,3,2,1,3,1,1,1,3.5,0.00708
990,7D98E761,,0,4,4,0,4,4,9,0.195652,0.281783,0,0
991,7B3E6E6C,,0,1,1,0,1,1,4,0.357143,0.466667,0,0
992,5A14EA51,,1,2,3,1,2,3,2,0.666667,0.75,0,0.002777
993,05E27C97,,2,0,2,2,0,2,0,0,0,0,0.011102
994,30D08B0D,,0,2,2,0,2,2,2,0.75,0.833333,0,0
995,7EF55ED4,,8,3,11,8,3,11,6,0.324138,0.391844,913.409524,0.087008
996,7FB3A0E9,,1,0,1,1,0,1,0,0,0,0,0.002777
997,59AD3A84,,1,0,1,1,0,1,0,0,0,0,0.002777
998,80961A94,,0,1,1,0,1,1,2,0.666667,0.75,0,0
999,5BDC6C42,,1,0,1,1,0,1,0,0,0,0,0.002777
1000,5D65B33D,,2,4,6,2,4,6,6,0.313924,0.364516,159.978762,0.011102
1001,7F56DF38,,0,1,1,0,1,1,6,0.238411,0.270833,0,0
1002,7646A737,,0,1,1,0,1,1,1,1,1,0,0
1003,7FD667D8,,0,3,3,0,3,3,5,0.333333,0.421014,0,0
1004,7D07E189,,2,0,2,2,0,2,0,0,0,0,0.006802
1005,7A9B2DC7,,5,1,6,5,1,6,2,0.6,0.666667,11,0.035753
1006,7FCB0364,,0,4,4,0,4,4,8,0.235043,0.318139,0,0
1007,7C54B5EC,,2,1,3,2,1,3,1,1,1,0.5,0.011698
1008,76E59B48,,1,8,9,1,8,9,6,0.321337,0.386267,83.416667,0.002777
1009,75163AAC,,1,0,1,1,0,1,0,0,0,0,0.002777
1010,817A3A7B,,1,0,1,1,0,1,0,0,0,0,0.002777
1011,7F32709E,,1,2,3,1,2,3,2,0.75,0.833333,3,0.002777
1012,773A6170,,0,3,3,0,3,3,3,0.545455,0.694444,0,0
1013,77600605,,1,0,1,1,0,1,0,0,0,0,0.002777
1014,7F2566BC,,1,1,2,1,1,2,1,1,1,0,0.004025
1015,812CD2E4,,0,1,1,0,1,1,1,1,1,0,0
1016,800264B6,,8,3,11,8,3,11,6,0.310256,0.356336,712.416667,0.026874
1017,5F4361E2,,1,4,5,1,4,5,3,0.5,0.570175,44,0.004303
1018,63E82B62,,0,1,1,0,1,1,3,0.458333,0.5,0,0
1019,7B1A914F,,0,1,1,0,1,1,1,1,1,0,0
1020,7D231FF7,,0,7,7,0,7,7,6,0.342246,0.400651,0,0
1021,7DB6AFFD,,5,0,5,5,0,5,0,0,0,0,0.017907
1022,7F324CBD,,1,0,1,1,0,1,0,0,0,0,0.002777
1023,75B2E3D2,,0,1,1,0,1,1,1,1,1,0,0
1024,814D1F1C,,6,3,9,6,3,9,1,1,1,30.5,0.020962
1025,81062D9B,,2,2,4,2,2,4,8,0.226087,0.288416,0.5,0.005554
1026,8052FE3E,,0,2,2,0,2,2,5,0.294737,0.35,0,0
1027,7F021873,,0,2,2,0,2,2,3,0.5,0.583333,0,0
1028,79803E68,,2,0,2,2,0,2,0,0,0,0,0.00708
1029,7C97177D,,0,1,1,0,1,1,1,1,1,0,0
1030,80F62678,,0,1,1,0,1,1,2,0.666667,0.75,0,0
1031,7574A72A,,0,3,3,0,3,3,5,0.297872,0.367857,0,0
1032,7DA5FE7E,,1,0,1,1,0,1,0,0,0,0,0.027524
1033,805E3AD4,,1,0,1,1,0,1,0,0,0,0,0.002777
1034,7D1310CD,,2,1,3,2,1,3,2,0.666667,0.75,6,0.008051
1035,81663ABD,,0,4,4,0,4,4,3,0.636364,0.761905,0,0
1036,7585F201,,0,3,3,0,3,3,2,0.8,0.875,0,0
1037,80C3AB29,,1,0,1,1,0,1,0,0,0,0,0.002777
1038,7B46345B,,0,1,1,0,1,1,1,1,1,0,0
1039,8003BB71,,0,1,1,0,1,1,1,1,1,0,0
1040,7F635D05,,0,3,3,0,3,3,2,0.8,0.875,0,0
1041,7A12A061,,0,8,8,0,8,8,2,0.75,0.833333,0,0
1042,7ECD73E8,,0,3,3,0,3,3,9,0.236486,0.330334,0,0
1043,7BA7FBD3,,0,1,1,0,1,1,1,1,1,0,0
1044,08B330C2,,0,10,10,0,10,10,6,0.325581,0.446131,0,0
1045,768F7EB9,,4,2,6,4,2,6,5,0.318966,0.368919,220.4,0.014853
1046,68FCD9B9,,1,0,1,1,0,1,0,0,0,0,0.002777
1047,02F5CD91,,2,0,2,2,0,2,0,0,0,0,0.008409
1048,7BB76B90,,7,2,9,7,2,9,1,1,1,17.333333,0.043316
1049,7DB19007,,0,2,2,0,2,2,2,0.666667,0.75,0,0
1050,80393B69,,0,2,2,0,2,2,6,0.278351,0.337037,0,0
1051,811F4ED3,,1,0,1,1,0,1,0,0,0,0,0.002777
1052,7D149AEC,,0,1,1,0,1,1,2,0.555556,0.6,0,0
1053,7C1F0846,,0,1,1,0,1,1,5,0.287234,0.325926,0,0
1054,7728EE1D,,0,3,3,0,3,3,3,0.5,0.583333,0,0
1055,04BD0309,,0,1,1,0,1,1,2,0.666667,0.75,0,0
1056,7C783CD7,,0,1,1,0,1,1,2,0.666667,0.75,0,0
1057,7FC419E2,,0,1,1,0,1,1,1,1,1,0,0
1058,7ECC0699,,3,0,3,3,0,3,0,0,0,0,0.008331
1059,7DB9BF00,,1,4,5,1,4,5,3,0.588235,0.683333,10,0.002777
1060,7EDA8A19,,0,3,3,0,3,3,4,0.411765,0.511905,0,0
1061,779B08D3,,0,3,3,0,3,3,3,0.5,0.6,0,0
1062,81687C30,,1,1,2,1,1,2,3,0.416667,0.5,5,0.002777
1063,7CEED575,,0,3,3,0,3,3,1,1,1,0,0
1064,7E65412F,,0,2,2,0,2,2,1,1,1,0,0
1065,5EE5D797,,1,0,1,1,0,1,0,0,0,0,0.002777
1066,8087A2F9,,0,7,7,0,7,7,5,0.421687,0.520952,0,0
1067,7F88A417,,0,1,1,0,1,1,2,0.6,0.666667,0,0
1068,7FA34A24,,1,0,1,1,0,1,0,0,0,0,0.002777
1069,7F3E6AB8,,2,1,3,2,1,3,1,1,1,1,0.008051
1070,7C361BDB,,0,3,3,0,3,3,2,0.666667,0.75,0,0
1071,7FDA9E5F,,1,1,2,1,1,2,1,1,1,1,0.002777
1072,7ED1DDF9,,1,0,1,1,0,1,0,0,0,0,0.002777
1073,7EF9B6C5,,0,1,1,0,1,1,2,0.6,0.666667,0,0
1074,615FC26A,,1,6,7,1,6,7,6,0.328358,0.384091,28.261473,0.00458
1075,7E53D2F5,,1,0,1,1,0,1,0,0,0,0,0.004025
1076,7774BDFD,,0,2,2,0,2,2,2,0.666667,0.75,0,0
1077,7B4322CB,,0,2,2,0,2,2,4,0.383333,0.438406,0,0
1078,77ADA1E0,,0,1,1,0,1,1,1,1,1,0,0
1079,8092F763,,1,0,1,1,0,1,0,0,0,0,0.004025
1080,78E01269,,1,0,1,1,0,1,0,0,0,0,0.004025
1081,09882841,,1,0,1,1,0,1,0,0,0,0,0.002777
1082,7A876D97,,0,2,2,0,2,2,3,0.466667,0.571429,0,0
1083,7B77FC3D,,0,7,7,0,7,7,2,0.888889,0.9375,0,0
1084,80601349,,0,3,3,0,3,3,6,0.330935,0.402174,0,0
1085,7F3E0583,,0,3,3,0,3,3,5,0.356589,0.406522,0,0
1086,7A71B039,,5,2,7,5,2,7,3,0.5,0.633333,323.983333,0.087821
1087,7AA79541,,2,1,3,2,1,3,8,0.211268,0.254762,73,0.006802
1088,800B66EA,,2,1,3,2,1,3,1,1,1,1.746125,0.058956
1089,5CAA6BA6,,0,2,2,0,2,2,2,0.75,0.833333,0,0
1090,58D0ADE3,,0,3,3,0,3,3,4,0.454545,0.544444,0,0
1091,7FCBE424,,2,1,3,2,1,3,1,1,1,1.5,0.006802
1092,5E8D7A67,,0,1,1,0,1,1,4,0.351852,0.394737,0,0
1093,7EABCD1B,,0,2,2,0,2,2,1,1,1,0,0
1094,7EB16982,,0,1,1,0,1,1,8,0.211268,0.254762,0,0
1095,5F84E9CA,,0,2,2,0,2,2,3,0.478261,0.545455,0,0
1096,595DA3D3,,0,1,1,0,1,1,1,1,1,0,0
1097,796B0E15,,0,1,1,0,1,1,1,1,1,0,0
1098,802E1746,,0,1,1,0,1,1,2,0.571429,0.625,0,0
1099,7F09DF82,,0,1,1,0,1,1,1,1,1,0,0
1100,59501B78,,2,0,2,2,0,2,0,0,0,0,0.006802
1101,7E756E2B,,1,4,5,1,4,5,4,0.47619,0.633333,2.666667,0.002777
1102,7A5EF539,,1,2,3,1,2,3,1,1,1,4,0.004303
1103,802311B3,,1,0,1,1,0,1,0,0,0,0,0.002777
1104,7D457A8B,,7,7,14,7,7,14,2,0.684211,0.769231,66.083333,0.021935
1105,7D0E393A,,12,0,12,12,0,12,0,0,0,0,0.162012
1106,7FC20300,,1,0,1,1,0,1,0,0,0,0,0.002777
1107,7E90964F,,0,1,1,0,1,1,3,0.5,0.611111,0,0
1108,75B5F394,,0,1,1,0,1,1,1,1,1,0,0
1109,6291BA75,,2,0,2,2,0,2,0,0,0,0,0.013852
1110,7F579808,,1,1,2,1,1,2,5,0.287234,0.325926,0,0.002777
1111,7F2B2C71,,1,0,1,1,0,1,0,0,0,0,0.002777
1112,5B2E6F1B,,9,0,9,9,0,9,0,0,0,0,0.332063
1113,815419D2,,1,0,1,1,0,1,0,0,0,0,0.002777
1114,7478D14E,,0,6,6,0,6,6,9,0.220395,0.31627,0,0
1115,7FBA2952,,1,3,4,1,3,4,5,0.370968,0.464493,23,0.002777
1116,7E721AED,,1,2,3,1,2,3,1,1,1,1,0.002777
1117,775D1E55,,0,1,1,0,1,1,1,1,1,0,0
1118,8158B9A4,,2,0,2,2,0,2,0,0,0,0,0.006802
1119,7A9296B5,,0,1,1,0,1,1,1,1,1,0,0
1120,813BFF82,,0,3,3,0,3,3,5,0.324786,0.382456,0,0
1121,7D978D27,,1,0,1,1,0,1,0,0,0,0,0.002777
1122,7F8CD74E,,0,2,2,0,2,2,5,0.28,0.352381,0,0
1123,7EDB03B9,,0,1,1,0,1,1,1,1,1,0,0
1124,7EE39034,,1,5,6,1,5,6,9,0.205323,0.3074,54,0.002777
1125,7FB287C6,,2,3,5,2,3,5,6,0.314149,0.359669,59.278193,0.009854
1126,59DD9C55,,2,0,2,2,0,2,0,0,0,0,0.005554
1127,59BE9F78,,0,1,1,0,1,1,1,1,1,0,0
1128,7C2B2778,,1,0,1,1,0,1,0,0,0,0,0.002777
1129,7F9DACE7,,0,1,1,0,1,1,7,0.217082,0.234602,0,0
1130,7604C4DE,,1,1,2,1,1,2,1,1,1,0,0.008864
1131,7F0CB104,,9,11,20,9,11,20,7,0.263158,0.341488,649.188016,0.043881
1132,80D15635,,2,0,2,2,0,2,0,0,0,0,0.005554
1133,8052959F,,2,0,2,2,0,2,0,0,0,0,0.114355
1134,771F9EC2,,1,0,1,1,0,1,0,0,0,0,0.002777
1135,802C3907,,0,1,1,0,1,1,1,1,1,0,0
1136,7F8FC766,,2,0,2,2,0,2,0,0,0,0,0.041995
1137,7CE8F0A4,,0,2,2,0,2,2,2,0.666667,0.75,0,0
1138,7CEC5799,,0,4,4,0,4,4,9,0.198502,0.283326,0,0
1139,80BDD0FB,,0,2,2,0,2,2,8,0.203101,0.230543,0,0
1140,7B2DC331,,1,0,1,1,0,1,0,0,0,0,0.004025
1141,5CA57AB0,,0,1,1,0,1,1,1,1,1,0,0
1142,0FC8084C,,0,3,3,0,3,3,7,0.243665,0.275886,0,0
1143,7E7BAFF0,,1,2,3,1,2,3,7,0.251497,0.304195,80,0.004025
1144,133025B2,,0,3,3,0,3,3,6,0.299065,0.370313,0,0
1145,75F71BD7,,2,1,3,2,1,3,1,1,1,0.5,0.008051
1146,7661CADC,,3,2,5,3,2,5,2,0.666667,0.75,121,0.026791
1147,7E8F41FE,,2,1,3,2,1,3,4,0.342857,0.395833,34,0.00708
1148,808AF48B,,0,2,2,0,2,2,5,0.362069,0.431746,0,0
1149,01A677CE,,1,0,1,1,0,1,0,0,0,0,0.006522
1150,5FBBF048,,0,1,1,0,1,1,1,1,1,0,0
1151,5E6FB799,,1,0,1,1,0,1,0,0,0,0,0.002777
1152,801E610D,,18,3,21,18,3,21,8,0.213115,0.270467,399.429458,0.239913
1153,791E690C,,5,0,5,5,0,5,0,0,0,0,0.015133
1154,8155C099,,0,1,1,0,1,1,5,0.285714,0.334375,0,0
1155,5E1C7D19,,0,2,2,0,2,2,1,1,1,0,0
1156,58A10F9B,,1,1,2,1,1,2,1,1,1,1,0.002777
1157,7D1981EA,,1,3,4,1,3,4,6,0.31405,0.390351,188.142857,0.072539
1158,7157DD0D,,2,0,2,2,0,2,0,0,0,0,0.005554
1159,76140070,,1,0,1,1,0,1,0,0,0,0,0.002777
1160,7F5CB973,,0,7,7,0,7,7,4,0.464286,0.573718,0,0
1161,78BBEBFE,,0,2,2,0,2,2,5,0.354839,0.468182,0,0
1162,811A02AE,,0,6,6,0,6,6,4,0.465116,0.583333,0,0
1163,79E22E4F,,0,1,1,0,1,1,4,0.428571,0.513889,0,0
1164,7D0E0F4E,,4,1,5,4,1,5,1,1,1,5,0.012356
1165,5CD804CD,,0,1,1,0,1,1,7,0.243902,0.281905,0,0
1166,5FC4D8FF,,0,4,4,0,4,4,5,0.428571,0.565556,0,0
1167,7F42F6A2,,25,7,32,25,7,32,5,0.397849,0.49955,1290.994136,0.384512
1168,770A3ED9,,0,1,1,0,1,1,5,0.347826,0.395139,0,0
1169,7E9636BC,,1,3,4,1,3,4,2,0.8,0.875,2.5,0.002777
1170,78CA93AB,,0,1,1,0,1,1,1,1,1,0,0
1171,77FC7F4C,,1,0,1,1,0,1,0,0,0,0,0.004025
1172,75521E4F,,1,1,2,1,1,2,2,0.571429,0.625,2,0.002777
1173,5E5225A0,,1,0,1,1,0,1,0,0,0,0,0.005274
1174,80379CA8,,27,5,32,27,5,32,6,0.334884,0.384028,3625.88254,0.194916
1175,810114F8,,0,3,3,0,3,3,6,0.285714,0.360714,0,0
1176,81792299,,0,2,2,0,2,2,6,0.278351,0.337037,0,0
1177,81189F83,,1,1,2,1,1,2,1,1,1,1,0.002777
1178,7D1658A9,,0,1,1,0,1,1,5,0.347826,0.395139,0,0
1179,6DB5922A,,0,2,2,0,2,2,7,0.217857,0.240066,0,0
1180,80958781,,0,2,2,0,2,2,3,0.5,0.611111,0,0
1181,7B3BB93C,,0,2,2,0,2,2,2,0.625,0.7,0,0
1182,0B07C21B,,0,1,1,0,1,1,1,1,1,0,0
1183,7F7A6C80,,0,1,1,0,1,1,1,1,1,0,0
1184,777562E9,,0,2,2,0,2,2,4,0.363636,0.489583,0,0
1185,798BF878,,0,3,3,0,3,3,5,0.366197,0.441667,0,0
1186,80D61CFF,,0,1,1,0,1,1,5,0.268657,0.309259,0,0
1187,7A63EEE8,,0,2,2,0,2,2,2,0.6,0.666667,0,0
1188,5849C5D7,,5,0,5,5,0,5,0,0,0,0,0.072969
1189,7FC39845,,17,2,19,17,2,19,1,1,1,182.309049,0.297622
1190,7CEF8A68,,0,1,1,0,1,1,4,0.413793,0.472222,0,0
1191,7E3FD773,,1,0,1,1,0,1,0,0,0,0,0.002777
1192,7DDFB718,,0,5,5,0,5,5,7,0.281553,0.36211,0,0
1193,7D5828CE,,0,2,2,0,2,2,5,0.384615,0.437083,0,0
1194,7CEBABD6,,0,1,1,0,1,1,2,0.666667,0.75,0,0
1195,7EB22E78,,1,7,8,1,7,8,6,0.320542,0.377347,37.451082,0.005274
1196,78EEB089,,1,3,4,1,3,4,1,1,1,3,0.002777
1197,769B3F2F,,13,0,13,13,0,13,0,0,0,0,0.104118
1198,7C122049,,0,4,4,0,4,4,4,0.416667,0.516667,0,0
1199,7A50CF9A,,0,3,3,0,3,3,6,0.28866,0.344048,0,0
1200,78D9D0D7,,6,0,6,6,0,6,0,0,0,0,0.037865
1201,8145F3A2,,0,1,1,0,1,1,3,0.444444,0.541667,0,0
1202,7D1C973B,,0,1,1,0,1,1,4,0.375,0.472222,0,0
1203,80E809E5,,0,3,3,0,3,3,7,0.218121,0.272161,0,0
1204,75B0C9A4,,3,0,3,3,0,3,0,0,0,0,0.012076
1205,5C9793AA,,0,3,3,0,3,3,4,0.377778,0.47549,0,0
1206,7B13384D,,0,1,1,0,1,1,2,0.571429,0.625,0,0
1207,80BE101F,,1,4,5,1,4,5,1,1,1,4,0.002777
1208,5881385E,,0,1,1,0,1,1,1,1,1,0,0
1209,037C822D,,2,0,2,2,0,2,0,0,0,0,0.005554
1210,7F4F71A0,,4,6,10,4,6,10,5,0.421488,0.493137,1623.142063,0.208822
1211,7D6785E8,,0,1,1,0,1,1,1,1,1,0,0
1212,7DBD8696,,1,4,5,1,4,5,6,0.304348,0.372449,49,0.002777
1213,7DCA44FF,,10,7,17,10,7,17,7,0.283333,0.395472,709.79652,0.061254
1214,77221E15,,2,1,3,2,1,3,1,1,1,2,0.005554
1215,7F269CE3,,6,0,6,6,0,6,0,0,0,0,0.038056
1216,81647693,,2,0,2,2,0,2,0,0,0,0,0.005554
1217,7963AE86,,0,2,2,0,2,2,1,1,1,0,0
1218,7EC122B8,,0,5,5,0,5,5,8,0.335025,0.415675,0,0
1219,76E6F502,,0,1,1,0,1,1,7,0.23622,0.257044,0,0
1220,039A5E7C,,0,2,2,0,2,2,1,1,1,0,0
1221,7E91B0FF,,0,2,2,0,2,2,2,0.75,0.833333,0,0
1222,756B4845,,1,4,5,1,4,5,5,0.31,0.369624,66.759524,0.004025
1223,7F34519E,,1,0,1,1,0,1,0,0,0,0,0.002777
1224,814D9781,,2,4,6,2,4,6,2,0.7,0.785714,7,0.006802
1225,7F7E817E,,0,6,6,0,6,6,5,0.295918,0.348659,0,0
1226,81100A31,,0,1,1,0,1,1,5,0.347826,0.395139,0,0
1227,782C09BA,,0,1,1,0,1,1,1,1,1,0,0
1228,7BA46FE3,,0,1,1,0,1,1,1,1,1,0,0
1229,77C55406,,0,5,5,0,5,5,3,0.516129,0.614583,0,0
1230,7D4F0A7F,,0,3,3,0,3,3,2,0.636364,0.714286,0,0
1231,78ABF3A6,,1,0,1,1,0,1,0,0,0,0,0.002777
1232,583DDECC,,8,1,9,8,1,9,1,1,1,3.333333,0.037318
1233,7F251B50,,0,2,2,0,2,2,2,0.625,0.7,0,0
1234,7F160931,,0,1,1,0,1,1,1,1,1,0,0
1235,795C2806,,0,8,8,0,8,8,7,0.236919,0.281946,0,0
1236,7F4908D3,,6,1,7,6,1,7,1,1,1,5.243478,0.024462
1237,80474F5B,,1,1,2,1,1,2,4,0.413793,0.472222,30,0.005274
1238,7EA41B76,,0,1,1,0,1,1,1,1,1,0,0
1239,5A94FE0B,,0,2,2,0,2,2,1,1,1,0,0
1240,7F404511,,0,1,1,0,1,1,1,1,1,0,0
1241,78CE1C27,,0,3,3,0,3,3,6,0.288372,0.339247,0,0
1242,80F78F03,,12,5,17,12,5,17,6,0.275626,0.311846,1067.516667,0.038317
1243,80D79678,,0,2,2,0,2,2,3,0.461538,0.583333,0,0
1244,80A6FB97,,1,0,1,1,0,1,0,0,0,0,0.002777
1245,757548B6,,1,0,1,1,0,1,0,0,0,0,0.002777
1246,5C710FD5,,2,0,2,2,0,2,0,0,0,0,0.037827
1247,7E9E24B3,,0,11,11,0,11,11,6,0.351429,0.427371,0,0
1248,58B3BEE6,,0,2,2,0,2,2,1,1,1,0,0
1249,0B3DF1D2,,1,2,3,1,2,3,7,0.239521,0.266071,120,0.002777
1250,7B9F6DC3,,2,1,3,2,1,3,2,0.545455,0.583333,6,0.005554
1251,7D7548B6,,4,3,7,4,3,7,2,0.666667,0.75,12.5,0.016379
1252,0852577A,,1,0,1,1,0,1,0,0,0,0,0.002777
1253,7DE06A99,,0,2,2,0,2,2,6,0.251613,0.300427,0,0
1254,7E4E9E40,,0,2,2,0,2,2,6,0.301282,0.351064,0,0
1255,7E3B445F,,4,3,7,4,3,7,3,0.5,0.625,17.833333,0.013882
1256,80022A1A,,0,2,2,0,2,2,1,1,1,0,0
1257,7DD193AA,,1,0,1,1,0,1,0,0,0,0,0.007077
1258,7CF1A9CF,,0,6,6,0,6,6,4,0.465116,0.5875,0,0
1259,75AAD41D,,1,4,5,1,4,5,4,0.411765,0.503968,2,0.002777
1260,80D8380F,,0,3,3,0,3,3,5,0.340741,0.398188,0,0
1261,5C53ED56,,2,14,16,2,14,16,8,0.27897,0.440476,106,0.005554
1262,80CE7B81,,1,1,2,1,1,2,2,0.666667,0.75,2,0.002777
1263,7CBDC4F6,,5,6,11,5,6,11,6,0.323684,0.383198,141.088528,0.016936
1264,8004C23E,,0,4,4,0,4,4,4,0.473684,0.648148,0,0
1265,7D7BD812,,0,1,1,0,1,1,8,0.208589,0.255742,0,0
1266,815175FA,,0,2,2,0,2,2,5,0.354839,0.468182,0,0
1267,754C897D,,0,1,1,0,1,1,4,0.413793,0.472222,0,0
1268,7838792B,,0,1,1,0,1,1,2,0.666667,0.75,0,0
1269,3588237C,,0,2,2,0,2,2,4,0.461538,0.597222,0,0
1270,58E151D3,,1,0,1,1,0,1,0,0,0,0,0.002777
1271,17BA5F88,,0,1,1,0,1,1,1,1,1,0,0
1272,7EBC63F1,,0,1,1,0,1,1,1,1,1,0,0
1273,790AA37C,,1,0,1,1,0,1,0,0,0,0,0.004025
1274,747D4004,,1,0,1,1,0,1,0,0,0,0,0.004025
1275,7F1DDDB9,,2,1,3,2,1,3,7,0.25523,0.291959,0,0.009299
1276,816E0A50,,9,2,11,9,2,11,3,0.545455,0.638889,31.25,0.033683
1277,7C3557E1,,0,2,2,0,2,2,5,0.37931,0.498485,0,0
1278,81383FBC,,43,2,45,43,2,45,3,0.5,0.633333,299.95119,0.440012
1279,764E75A9,,2,2,4,2,2,4,2,0.625,0.7,8,0.005554
1280,8054A1B1,,2,0,2,2,0,2,0,0,0,0,0.005554
1281,7EA79FED,,5,0,5,5,0,5,0,0,0,0,0.015688
1282,7FB3C06C,,2,3,5,2,3,5,2,0.666667,0.75,177.416667,0.037508
1283,7C1E7E2D,,1,0,1,1,0,1,0,0,0,0,0.002777
1284,775C81C7,,1,3,4,1,3,4,1,1,1,2,0.002777
1285,0A937DDD,,0,4,4,0,4,4,7,0.256121,0.3007,0,0
1286,80D760E8,,0,1,1,0,1,1,2,0.666667,0.75,0,0
1287,76B16518,,3,0,3,3,0,3,0,0,0,0,0.010828
1288,7D634A2F,,2,3,5,2,3,5,5,0.3,0.372222,13.161905,0.005554
1289,5AD71BAE,,1,1,2,1,1,2,2,0.571429,0.625,4,0.002777
1290,7D944B66,,1,0,1,1,0,1,0,0,0,0,0.002777
1291,7F4EA2A0,,1,5,6,1,5,6,9,0.197674,0.297705,14.5,0.002777
1292,79143CB7,,3,0,3,3,0,3,0,0,0,0,0.020545
1293,778E031C,,0,2,2,0,2,2,3,0.545455,0.638889,0,0
1294,782FAF94,,0,1,1,0,1,1,4,0.342857,0.395833,0,0
1295,638196DE,,22,0,22,22,0,22,0,0,0,0,0.242872
1296,797C0E20,,0,3,3,0,3,3,4,0.384615,0.483333,0,0
1297,7CB13C5E,,0,8,8,0,8,8,6,0.332447,0.396267,0,0
1298,7E180FF4,,0,1,1,0,1,1,7,0.232456,0.265319,0,0
1299,7E858056,,16,0,16,16,0,16,0,0,0,0,0.104153
1300,7D80FAD2,,0,4,4,0,4,4,2,0.666667,0.75,0,0
1301,75191F45,,0,1,1,0,1,1,1,1,1,0,0
1302,8129BE13,,1,5,6,1,5,6,4,0.5,0.652778,12,0.004025
1303,7EAAE6BC,,11,2,13,11,2,13,3,0.432432,0.489583,1457.92619,0.127415
1304,7FB04CC2,,0,1,1,0,1,1,7,0.23622,0.257044,0,0
1305,752491EA,,0,1,1,0,1,1,2,0.666667,0.75,0,0
1306,8110B4C0,,0,1,1,0,1,1,1,1,1,0,0
1307,80D007AF,,2,3,5,2,3,5,5,0.314961,0.373333,38.316667,0.005554
1308,798EB089,,0,2,2,0,2,2,1,1,1,0,0
1309,7E0D0F5B,,1,1,2,1,1,2,2,0.666667,0.75,2,0.002777
1310,806618C3,,0,1,1,0,1,1,1,1,1,0,0
1311,81478D38,,1,2,3,1,2,3,9,0.216912,0.291034,31,0.002777
1312,784072B9,,0,2,2,0,2,2,3,0.466667,0.571429,0,0
1313,7F289AD1,,1,0,1,1,0,1,0,0,0,0,0.005274
1314,7EAD357B,,1,0,1,1,0,1,0,0,0,0,0.002777
1315,5BA9230C,,6,0,6,6,0,6,0,0,0,0,0.033569
1316,0BDADE75,,13,0,13,13,0,13,0,0,0,0,0.091146
1317,5B7DED8D,,1,0,1,1,0,1,0,0,0,0,0.007077
1318,5BCC432B,,0,3,3,0,3,3,4,0.454545,0.544444,0,0
1319,78F2C27D,,0,1,1,0,1,1,1,1,1,0,0
1320,793FDB44,,4,0,4,4,0,4,0,0,0,0,0.021927
1321,6AED4EEE,,1,2,3,1,2,3,6,0.303279,0.352703,0,0.013429
1322,79FFDE14,,0,2,2,0,2,2,3,0.571429,0.708333,0,0
1323,76E3283E,,0,8,8,0,8,8,7,0.263773,0.313306,0,0
1324,7ACB8647,,1,1,2,1,1,2,1,1,1,1,0.002777
1325,76226AE3,,6,1,7,6,1,7,1,1,1,0,0.022903
1326,7D6B3A5D,,1,0,1,1,0,1,0,0,0,0,0.009892
1327,7DD19E5F,,0,5,5,0,5,5,2,0.692308,0.777778,0,0
1328,7E010EA2,,0,2,2,0,2,2,1,1,1,0,0
1329,84406FA4,,0,4,4,0,4,4,3,0.461538,0.546296,0,0
1330,80B9604E,,3,3,6,3,3,6,2,0.8,0.875,6,0.008331
1331,79B9CC7E,,0,4,4,0,4,4,6,0.274194,0.325882,0,0
1332,7E271971,,0,1,1,0,1,1,1,1,1,0,0
1333,80C8180F,,1,1,2,1,1,2,1,1,1,1,0.002777
1334,7B245201,,0,2,2,0,2,2,4,0.4,0.555556,0,0
1335,7BD7AF51,,0,3,3,0,3,3,3,0.451613,0.535714,0,0
1336,79C1CDF2,,2,2,4,2,2,4,2,0.75,0.833333,1.666667,0.005554
1337,80A853E8,,1,0,1,1,0,1,0,0,0,0,0.002777
1338,6E36C0AB,,1,0,1,1,0,1,0,0,0,0,0.002777
1339,76F0AFA2,,6,1,7,6,1,7,3,0.444444,0.541667,1.809524,0.097725
1340,7ECF785C,,4,2,6,4,2,6,5,0.309735,0.359048,145.75,0.012356
1341,5DF37F15,,1,0,1,1,0,1,0,0,0,0,0.004025
1342,7EE74A14,,6,1,7,6,1,7,1,1,1,4.5,0.026926
1343,772B6BC6,,0,2,2,0,2,2,1,1,1,0,0
1344,8166A247,,3,5,8,3,5,8,8,0.225962,0.321935,133.15,0.010828
1345,80D10329,,0,1,1,0,1,1,1,1,1,0,0
1346,7931DCFB,,1,2,3,1,2,3,4,0.389831,0.445652,0.75,0.002777
1347,7BF92BFE,,0,4,4,0,4,4,4,0.473684,0.648148,0,0
1348,01A74ECD,,1,3,4,1,3,4,5,0.30137,0.388636,20,0.002777
1349,7B08BBD3,,2,2,4,2,2,4,2,0.625,0.7,13,0.006802
1350,78DF3652,,0,5,5,0,5,5,3,0.515152,0.607843,0,0
1351,78962863,,0,4,4,0,4,4,8,0.232759,0.314771,0,0
1352,7E13EFCF,,0,4,4,0,4,4,2,0.833333,0.9,0,0
1353,675EE8F1,,0,1,1,0,1,1,3,0.5,0.583333,0,0
1354,5DA00E3F,,2,1,3,2,1,3,1,1,1,1,0.005554
1355,8072BEF9,,0,8,8,0,8,8,3,0.666667,0.77381,0,0
1356,7C7FFC7E,,7,2,9,7,2,9,1,1,1,322.666667,0.156217
1357,7870F90E,,0,3,3,0,3,3,1,1,1,0,0
1358,7E6D736A,,3,0,3,3,0,3,0,0,0,0,0.0164
1359,7EEFE5EC,,0,6,6,0,6,6,5,0.344353,0.3948,0,0
1360,79257332,,4,0,4,4,0,4,0,0,0,0,0.023517
1361,6EAEA6CA,,0,3,3,0,3,3,1,1,1,0,0
1362,7D969F9A,,2,1,3,2,1,3,9,0.180791,0.208157,0,0.005554
1363,801F6C21,,0,3,3,0,3,3,9,0.182461,0.219463,0,0
1364,01C5E9FB,,1,2,3,1,2,3,7,0.254237,0.300873,24.5,0.002777
1365,7E2BD0A4,,0,1,1,0,1,1,1,1,1,0,0
1366,7E1FB6E3,,1,1,2,1,1,2,1,1,1,2,0.004025
1367,7FDCB637,,2,1,3,2,1,3,1,1,1,2,0.005554
1368,5F75C2F6,,2,0,2,2,0,2,0,0,0,0,0.005554
1369,814F228B,,9,4,13,9,4,13,2,0.625,0.7,115.041667,0.033038
1370,7E66B388,,2,1,3,2,1,3,1,1,1,3,0.006802
1371,803A1704,,0,7,7,0,7,7,4,0.538462,0.702381,0,0
1372,81323DEC,,0,1,1,0,1,1,4,0.375,0.472222,0,0
1373,7E807501,,3,0,3,3,0,3,0,0,0,0,0.301033
1374,7A4513FC,,2,6,8,2,6,8,3,0.517857,0.58046,74.54881,0.022199
1375,805076B2,,1,0,1,1,0,1,0,0,0,0,0.004025
1376,77D0B298,,1,1,2,1,1,2,4,0.326531,0.380208,16,0.002777
1377,60ACCE35,,1,5,6,1,5,6,2,0.777778,0.857143,0,0.002777
1378,7D88050D,,5,1,6,5,1,6,2,0.571429,0.625,32,0.020126
1379,594207FB,,4,0,4,4,0,4,0,0,0,0,0.024089
1380,802E1580,,0,1,1,0,1,1,2,0.571429,0.625,0,0
1381,7A970FAF,,0,13,13,0,13,13,6,0.301255,0.370255,0,0
1382,80359BD3,,2,0,2,2,0,2,0,0,0,0,0.005554
1383,79D8AE4D,,0,2,2,0,2,2,6,0.309896,0.353922,0,0
1384,7F923111,,1,0,1,1,0,1,0,0,0,0,0.002777
1385,63D165AC,,1,2,3,1,2,3,5,0.353846,0.415942,115,0.008048
1386,80644789,,15,1,16,15,1,16,1,1,1,11.5,0.065495
1387,79CF82E7,,12,0,12,12,0,12,0,0,0,0,0.045431
1388,7E0E2009,,0,3,3,0,3,3,2,0.714286,0.8,0,0
1389,7617B295,,2,1,3,2,1,3,6,0.306701,0.345518,20.407792,0.009854
1390,063288B0,,3,1,4,3,1,4,1,1,1,0.5,0.010828
1391,80F07C46,,0,2,2,0,2,2,3,0.538462,0.619048,0,0
1392,7D919B1B,,6,2,8,6,2,8,1,1,1,18.541667,0.031011
1393,80CE10A5,,26,8,34,26,8,34,6,0.330769,0.447674,2165.312786,0.432545
1394,7C85A4A4,,1,2,3,1,2,3,4,0.433333,0.512821,13,0.002777
1395,7F0BDE6B,,0,2,2,0,2,2,7,0.273109,0.322857,0,0
1396,75E570D1,,35,3,38,35,3,38,2,0.8,0.875,190.833333,0.157458
1397,59667211,,0,2,2,0,2,2,1,1,1,0,0
1398,7EB276D4,,2,2,4,2,2,4,2,0.666667,0.75,1.333333,0.005554
1399,80060D7C,,88,0,88,88,0,88,0,0,0,0,0.365108
1400,7B1E7701,,0,2,2,0,2,2,3,0.5,0.633333,0,0
1401,7FD65178,,0,1,1,0,1,1,1,1,1,0,0
1402,75785EF9,,3,5,8,3,5,8,3,0.5,0.598039,245.166667,0.027525
1403,09C677A6,,0,3,3,0,3,3,9,0.208029,0.293811,0,0
1404,80DB3F74,,1,0,1,1,0,1,0,0,0,0,0.002777
1405,7F334842,,1,2,3,1,2,3,1,1,1,2,0.002777
1406,7E66E464,,0,5,5,0,5,5,7,0.254,0.295951,0,0
1407,7760B68D,,3,2,5,3,2,5,3,0.545455,0.638889,7.333333,0.008331
1408,7B1BA879,,1,4,5,1,4,5,3,0.454545,0.555556,11,0.002777
1409,7D2EB57B,,0,1,1,0,1,1,1,1,1,0,0
1410,7FC07E04,,0,2,2,0,2,2,1,1,1,0,0
1411,7F4F5775,,0,4,4,0,4,4,2,0.7,0.785714,0,0
1412,7B0A3C44,,0,1,1,0,1,1,4,0.357143,0.466667,0,0
1413,5C5CAF86,,0,1,1,0,1,1,1,1,1,0,0
1414,5FE0F88D,,0,1,1,0,1,1,3,0.428571,0.481481,0,0
1415,806B4CD2,,1,0,1,1,0,1,0,0,0,0,0.005829
1416,6BE5B956,,0,1,1,0,1,1,1,1,1,0,0
1417,770A1B79,,0,1,1,0,1,1,1,1,1,0,0
1418,7F74C226,,2,3,5,2,3,5,2,0.666667,0.75,2,0.005554
1419,774F3C4A,,0,3,3,0,3,3,3,0.5,0.611111,0,0
1420,02DA36FB,,4,1,5,4,1,5,1,1,1,2.25,0.021927
1421,7E0F0DEF,,0,1,1,0,1,1,3,0.428571,0.5,0,0
1422,7F41D1DE,,1,2,3,1,2,3,3,0.5,0.633333,0,0.012553
1423,7D06C752,,1,0,1,1,0,1,0,0,0,0,0.002777
1424,767C9B7D,,0,3,3,0,3,3,5,0.328767,0.405556,0,0
1425,80A25501,,31,1,32,31,1,32,2,0.6,0.666667,246.447619,0.643829
1426,038C9301,,3,0,3,3,0,3,0,0,0,0,0.469329
1427,7F1D9C9E,,1,1,2,1,1,2,1,1,1,0,0.002777
1428,7ED501EB,,0,1,1,0,1,1,4,0.419355,0.474359,0,0
1429,76EE3969,,0,1,1,0,1,1,1,1,1,0,0
1430,7D6A4ED2,,1,2,3,1,2,3,4,0.390244,0.463542,16,0.002777
1431,7EDAC16C,,0,2,2,0,2,2,5,0.368421,0.427976,0,0
1432,7D70CD44,,4,0,4,4,0,4,0,0,0,0,0.034186
1433,77FE16E5,,2,0,2,2,0,2,0,0,0,0,0.005554
1434,7D179D7C,,3,2,5,3,2,5,3,0.461538,0.583333,6,0.008331
1435,810B6B6A,,4,4,8,4,4,8,7,0.220641,0.252323,104.480952,0.011108
1436,80A025FA,,0,5,5,0,5,5,7,0.243865,0.27953,0,0
1437,7E9602ED,,1,0,1,1,0,1,0,0,0,0,0.002777
1438,7FBF0AA6,,0,5,5,0,5,5,5,0.375,0.512963,0,0
1439,5DD1824A,,1,2,3,1,2,3,2,0.666667,0.75,4,0.002777
1440,7FA404E9,,0,1,1,0,1,1,8,0.209302,0.249947,0,0
1441,7F9B7158,,0,2,2,0,2,2,6,0.244681,0.321739,0,0
1442,7B45DFB5,,0,5,5,0,5,5,6,0.305556,0.367677,0,0
1443,5F703252,,0,2,2,0,2,2,9,0.190311,0.247569,0,0
1444,813F65C0,,0,1,1,0,1,1,4,0.375,0.472222,0,0
1445,5FD9768E,,1,0,1,1,0,1,0,0,0,0,0.002777
1446,7EEF2E17,,0,1,1,0,1,1,1,1,1,0,0
1447,5B1A04CA,,0,1,1,0,1,1,5,0.309524,0.364103,0,0
1448,75A75DCF,,1,9,10,1,9,10,9,0.231884,0.370939,24,0.002777
1449,7DD3E633,,0,5,5,0,5,5,6,0.336111,0.391322,0,0
1450,801899A1,,2,1,3,2,1,3,1,1,1,0.5,0.005554
1451,7A10F3C0,,0,4,4,0,4,4,5,0.348993,0.402885,0,0
1452,60A12331,,0,4,4,0,4,4,7,0.263048,0.312188,0,0
1453,5A3F05E4,,0,9,9,0,9,9,4,0.47619,0.588889,0,0
1454,754C5F65,,1,0,1,1,0,1,0,0,0,0,0.087951
1455,7E7122BC,,1,1,2,1,1,2,2,0.571429,0.625,4,0.002777
1456,75E401AD,,1,7,8,1,7,8,3,0.5,0.616667,8,0.002777
1457,8112E04B,,1,4,5,1,4,5,3,0.5,0.611111,8.833333,0.002777
1458,7F25F527,,0,1,1,0,1,1,1,1,1,0,0
1459,813D4EB8,,0,5,5,0,5,5,5,0.395062,0.483854,0,0
1460,5A0C9118,,4,0,4,4,0,4,0,0,0,0,0.01513
1461,7D4D8874,,2,4,6,2,4,6,2,0.75,0.833333,5.666667,0.005554
1462,7E61DC5A,,0,1,1,0,1,1,7,0.246269,0.297042,0,0
1463,58C583FC,,0,1,1,0,1,1,1,1,1,0,0
1464,656DB35A,,1,0,1,1,0,1,0,0,0,0,0.004025
1465,7EC8561A,,0,1,1,0,1,1,1,1,1,0,0
1466,8029BB7A,,36,0,36,36,0,36,0,0,0,0,0.676539
1467,7F600611,,0,1,1,0,1,1,1,1,1,0,0
1468,7E3E08B8,,18,4,22,18,4,22,3,0.454545,0.555556,725,0.124172
1469,6A5D87FE,,0,1,1,0,1,1,1,1,1,0,0
1470,7B432E24,,4,0,4,4,0,4,0,0,0,0,0.013604
1471,7E61D239,,68,33,101,68,33,101,5,0.438662,0.562994,12790.27584,0.304088
1472,799FD6B8,,4,0,4,4,0,4,0,0,0,0,0.03037
1473,7F28F923,,1,0,1,1,0,1,0,0,0,0,0.004025
1474,806C5E7B,,2,5,7,2,5,7,4,0.434783,0.545833,24.5,0.005554
1475,805B45F3,,0,1,1,0,1,1,4,0.419355,0.474359,0,0
1476,8175D8C2,,0,1,1,0,1,1,3,0.5,0.583333,0,0
1477,7C64693F,,3,0,3,3,0,3,0,0,0,0,0.010828
1478,7E504969,,0,2,2,0,2,2,4,0.376238,0.421053,0,0
1479,7F7E7EBC,,2,0,2,2,0,2,0,0,0,0,0.005554
1480,7ADCA6D3,,5,0,5,5,0,5,0,0,0,0,0.016381
1481,7923BB38,,0,3,3,0,3,3,3,0.457143,0.53125,0,0
1482,7DEFA129,,2,8,10,2,8,10,7,0.276667,0.348308,187.852381,0.006802
1483,804CB761,,1,1,2,1,1,2,1,1,1,1,0.002777
1484,767D07FD,,0,1,1,0,1,1,1,1,1,0,0
1485,80D23383,,0,3,3,0,3,3,6,0.305825,0.357672,0,0
1486,809D03EB,,0,1,1,0,1,1,1,1,1,0,0
1487,6BA17283,,0,1,1,0,1,1,1,1,1,0,0
1488,7943DA46,,0,4,4,0,4,4,3,0.555556,0.666667,0,0
1489,01F2CA75,,4,0,4,4,0,4,0,0,0,0,0.012356
1490,7D9199FA,,3,1,4,3,1,4,1,1,1,1.5,0.014793
1491,7A3830F5,,2,3,5,2,3,5,3,0.545455,0.694444,18.833333,0.008051
1492,80C4D6D7,,0,1,1,0,1,1,1,1,1,0,0
1493,80FB26C5,,0,1,1,0,1,1,4,0.35,0.440476,0,0
1494,8060793E,,2,10,12,2,10,12,3,0.736842,0.845238,15.75,0.005554
1495,7E85FF18,,1,2,3,1,2,3,1,1,1,2,0.004025
1496,5F3EC8AA,,1,1,2,1,1,2,1,1,1,1,0.004025
1497,5F5B3895,,10,2,12,10,2,12,1,1,1,34.5,0.060332
1498,5905AEFB,,2,0,2,2,0,2,0,0,0,0,0.008051
1499,7D20FD0E,,1,0,1,1,0,1,0,0,0,0,0.002777
1500,7A71F6AA,,0,10,10,0,10,10,7,0.244526,0.314463,0,0
1501,5E7501F0,,0,1,1,0,1,1,1,1,1,0,0
1502,7EA48DCD,,1,1,2,1,1,2,2,0.571429,0.625,0,0.002777
1503,7F5431BE,,5,2,7,5,2,7,5,0.357143,0.419333,150,0.015133
1504,7CA03E8A,,2,0,2,2,0,2,0,0,0,0,0.005554
1505,80C6D90D,,0,1,1,0,1,1,1,1,1,0,0
1506,7884FC23,,4,0,4,4,0,4,0,0,0,0,0.036342
1507,78617E43,,0,2,2,0,2,2,3,0.5,0.633333,0,0
1508,814D030F,,2,6,8,2,6,8,5,0.417266,0.482471,329.633333,0.114355
1509,7C8DBDF7,,1,0,1,1,0,1,0,0,0,0,0.002777
1510,76853CFD,,2,1,3,2,1,3,7,0.255102,0.296048,56.066667,0.005554
1511,81279BFC,,1,4,5,1,4,5,5,0.346939,0.40098,51,0.002777
1512,7313C176,,1,0,1,1,0,1,0,0,0,0,0.002777
1513,8164F48C,,1,3,4,1,3,4,4,0.5,0.635417,21.493478,0.006187
1514,0C67395C,,0,3,3,0,3,3,4,0.402062,0.448718,0,0
1515,78C2C88B,,0,2,2,0,2,2,3,0.555556,0.666667,0,0
1516,071ABF33,,1,0,1,1,0,1,0,0,0,0,0.002777
1517,8144D00E,,0,3,3,0,3,3,4,0.428571,0.541667,0,0
1518,7D343D2D,,0,1,1,0,1,1,1,1,1,0,0
1519,7F2983A2,,0,1,1,0,1,1,2,0.571429,0.625,0,0
1520,80B7F873,,1,0,1,1,0,1,0,0,0,0,0.002777
1521,7B023A6E,,1,2,3,1,2,3,2,0.666667,0.75,6,0.004025
1522,806A4A2D,,0,2,2,0,2,2,2,0.75,0.833333,0,0
1523,7D60BD7D,,1,0,1,1,0,1,0,0,0,0,0.002777
1524,770AB7ED,,1,0,1,1,0,1,0,0,0,0,0.002777
1525,67110B27,,0,1,1,0,1,1,1,1,1,0,0
1526,7E636A72,,0,2,2,0,2,2,9,0.187943,0.247477,0,0
1527,80938E8B,,5,0,5,5,0,5,0,0,0,0,0.037275
1528,75718D5F,,1,1,2,1,1,2,1,1,1,10,0.008684
1529,0B01B117,,1,0,1,1,0,1,0,0,0,0,0.025103
1530,583DF9BB,,0,1,1,0,1,1,1,1,1,0,0
1531,5E453122,,3,4,7,3,4,7,8,0.218966,0.269938,328.302381,0.010828
1532,6BDD468C,,6,1,7,6,1,7,1,1,1,7,0.022903
1533,5B21D486,,0,1,1,0,1,1,1,1,1,0,0
1534,7FD70FDD,,1,3,4,1,3,4,6,0.290179,0.337179,55.333333,0.002777
1535,0015EF6A,,2,0,2,2,0,2,0,0,0,0,0.008605
1536,7D125BFF,,17,0,17,17,0,17,0,0,0,0,0.094378
1537,7DB31DDD,,3,0,3,3,0,3,0,0,0,0,0.012076
1538,811DC226,,2,6,8,2,6,8,2,0.875,0.928571,13.333333,0.008051
1539,78D6ACCF,,0,6,6,0,6,6,3,0.5,0.58,0,0
1540,75BC1FEF,,2,0,2,2,0,2,0,0,0,0,0.005554
1541,5EC4B4A2,,0,1,1,0,1,1,1,1,1,0,0
1542,03317C35,,0,1,1,0,1,1,2,0.666667,0.75,0,0
1543,8104831D,,2,1,3,2,1,3,1,1,1,2,0.005554
1544,7CFAB3E0,,1,6,7,1,6,7,3,0.619048,0.717949,11,0.002777
1545,597E0566,,1,0,1,1,0,1,0,0,0,0,0.002777
1546,81197349,,0,9,9,0,9,9,6,0.28355,0.335878,0,0
1547,77DCDDA3,,1,0,1,1,0,1,0,0,0,0,0.004025
1548,7FF3BFC1,,0,3,3,0,3,3,6,0.285714,0.360985,0,0
1549,7FEB25F8,,2,0,2,2,0,2,0,0,0,0,0.005554
1550,0BF01780,,1,0,1,1,0,1,0,0,0,0,0.002777
1551,7C20D8BE,,0,5,5,0,5,5,7,0.248988,0.293728,0,0
1552,7BF0668A,,6,3,9,6,3,9,3,0.583333,0.690476,30.833333,0.030295
1553,7BA358FC,,0,2,2,0,2,2,5,0.375,0.465556,0,0
1554,7ECAB6DA,,1,0,1,1,0,1,0,0,0,0,0.002777
1555,7EA0876F,,1,4,5,1,4,5,2,0.666667,0.75,11.333333,0.004025
1556,783A95C1,,0,1,1,0,1,1,4,0.357143,0.466667,0,0
1557,750E074B,,4,5,9,4,5,9,6,0.316832,0.419792,227.75,0.015408
1558,14577C9C,,0,1,1,0,1,1,4,0.375,0.472222,0,0
1559,5AD49F05,,1,3,4,1,3,4,5,0.318182,0.389286,1.5,0.002777
1560,773AAE7B,,1,4,5,1,4,5,2,0.666667,0.75,8,0.002777
1561,78740D73,,1,0,1,1,0,1,0,0,0,0,0.018214
1562,80DB8F34,,0,3,3,0,3,3,2,0.8,0.875,0,0
1563,7601A2AB,,0,2,2,0,2,2,4,0.433333,0.512821,0,0
1564,7827D36B,,0,3,3,0,3,3,4,0.395349,0.490196,0,0
1565,80EF5138,,0,2,2,0,2,2,2,0.75,0.833333,0,0
1566,7F3CF2AF,,17,2,19,17,2,19,1,1,1,323.771429,0.800465
1567,7780380E,,3,0,3,3,0,3,0,0,0,0,0.009579
1568,79D4621D,,0,5,5,0,5,5,3,0.590909,0.679487,0,0
1569,5E9D537A,,0,1,1,0,1,1,1,1,1,0,0
1570,7846A725,,0,4,4,0,4,4,2,0.7,0.785714,0,0
1571,5E486F28,,0,1,1,0,1,1,4,0.375,0.472222,0,0
1572,80192482,,0,2,2,0,2,2,1,1,1,0,0
1573,7E0F0E4A,,15,7,22,15,7,22,5,0.398058,0.491463,2589.344469,0.327899
1574,75417BCD,,2,4,6,2,4,6,3,0.6,0.703704,9.5,0.008051
1575,841A0C13,,0,2,2,0,2,2,2,0.625,0.7,0,0
1576,7AF62A16,,0,4,4,0,4,4,2,0.75,0.833333,0,0
1577,808B18AA,,0,2,2,0,2,2,5,0.354839,0.468182,0,0
1578,04A7309B,,2,0,2,2,0,2,0,0,0,0,0.020191
1579,7EFFDEE3,,3,14,17,3,14,17,8,0.264228,0.363242,77.625187,0.010828
1580,6FA7DE6A,,1,0,1,1,0,1,0,0,0,0,0.002777
1581,7F9B81D7,,1,2,3,1,2,3,3,0.5,0.583333,8,0.002777
1582,802C9FA4,,0,1,1,0,1,1,1,1,1,0,0
1583,7E9815DE,,2,2,4,2,2,4,1,1,1,3,0.005554
1584,80A976F4,,0,2,2,0,2,2,4,0.34,0.416667,0,0
1585,7CFE8B0C,,0,1,1,0,1,1,1,1,1,0,0
1586,80513669,,0,1,1,0,1,1,2,0.666667,0.75,0,0
1587,7E12C9CA,,1,0,1,1,0,1,0,0,0,0,0.004303
1588,7F268752,,3,0,3,3,0,3,0,0,0,0,0.251317
1589,751C10B2,,1,3,4,1,3,4,6,0.310705,0.358123,1.033333,0.002777
1590,806D3ECC,,0,1,1,0,1,1,1,1,1,0,0
1591,7767012C,,1,2,3,1,2,3,1,1,1,0,0.002777
1592,7F38F9A4,,1,2,3,1,2,3,5,0.295775,0.371429,16,0.002777
1593,7D6E186D,,1,1,2,1,1,2,6,0.241611,0.274537,35,0.002777
1594,788F6560,,0,2,2,0,2,2,6,0.261538,0.298529,0,0
1595,7FF97154,,0,2,2,0,2,2,1,1,1,0,0
1596,80ACFB55,,0,2,2,0,2,2,6,0.308483,0.350972,0,0
1597,7FA065D8,,20,4,24,20,4,24,4,0.47619,0.633333,110.74359,0.084528
1598,7DC48B6A,,0,2,2,0,2,2,4,0.361111,0.442308,0,0
1599,7F0A7E70,,0,4,4,0,4,4,4,0.461538,0.550926,0,0
1600,767A3B64,,0,1,1,0,1,1,5,0.309524,0.364103,0,0
1601,7F696A36,,1,0,1,1,0,1,0,0,0,0,0.002777
1602,7CF15BEE,,1,2,3,1,2,3,6,0.295455,0.350427,137,0.00458
1603,782376F1,,1,0,1,1,0,1,0,0,0,0,0.002777
1604,5B5287A2,,2,0,2,2,0,2,0,0,0,0,0.013852
1605,58EE372D,,0,1,1,0,1,1,1,1,1,0,0
1606,7D6D60C9,,1,0,1,1,0,1,0,0,0,0,0.004025
1607,0B90A9BB,,1,3,4,1,3,4,7,0.254098,0.296736,1.166667,0.002777
1608,77D1D253,,2,0,2,2,0,2,0,0,0,0,0.005554
1609,046D400F,,1,0,1,1,0,1,0,0,0,0,0.002777
1610,7FEBBA90,,0,1,1,0,1,1,1,1,1,0,0
1611,81712420,,4,1,5,4,1,5,4,0.351351,0.403846,22.666667,0.016428
1612,7D630F8D,,1,1,2,1,1,2,3,0.407407,0.454545,6,0.002777
1613,7E756CDB,,0,1,1,0,1,1,1,1,1,0,0
1614,7D2FB7E4,,0,1,1,0,1,1,1,1,1,0,0
1615,5E0F3DBC,,1,1,2,1,1,2,2,0.666667,0.75,0,0.018736
1616,797461DE,,4,1,5,4,1,5,4,0.326531,0.380208,52.833333,0.014853
1617,7888D871,,1,1,2,1,1,2,4,0.413793,0.472222,12,0.002777
1618,77EFB1A7,,1,0,1,1,0,1,0,0,0,0,0.002777
1619,7B331816,,1,0,1,1,0,1,0,0,0,0,0.002777
1620,7667BD85,,0,1,1,0,1,1,3,0.454545,0.533333,0,0
1621,7FE0126E,,0,1,1,0,1,1,1,1,1,0,0
1622,76DB6203,,0,1,1,0,1,1,1,1,1,0,0
1623,7BD32C46,,0,4,4,0,4,4,3,0.583333,0.738095,0,0
1624,7A8BE763,,1,0,1,1,0,1,0,0,0,0,0.004025
1625,7CF2BE9D,,0,2,2,0,2,2,5,0.369565,0.45,0,0
1626,7D48DD13,,0,2,2,0,2,2,3,0.466667,0.571429,0,0
1627,7DF4A78D,,0,1,1,0,1,1,6,0.290076,0.333333,0,0
1628,79E7EC37,,0,3,3,0,3,3,2,0.8,0.875,0,0
1629,7EE0AE9F,,0,1,1,0,1,1,2,0.666667,0.75,0,0
1630,80F721EC,,0,1,1,0,1,1,2,0.666667,0.75,0,0
1631,0B80C05B,,0,1,1,0,1,1,1,1,1,0,0
1632,80D41112,,1,0,1,1,0,1,0,0,0,0,0.002777
1633,7F0CA8F0,,1,0,1,1,0,1,0,0,0,0,0.056179
1634,7A07AD20,,1,1,2,1,1,2,1,1,1,1,0.002777
1635,7CD12547,,0,4,4,0,4,4,3,0.470588,0.5625,0,0
1636,5E1DDE8E,,0,1,1,0,1,1,1,1,1,0,0
1637,76900AAA,,0,2,2,0,2,2,6,0.310945,0.3536,0,0
1638,0C25F02C,,1,0,1,1,0,1,0,0,0,0,0.002777
1639,7CFDFAD0,,0,1,1,0,1,1,1,1,1,0,0
1640,81512F8F,,0,1,1,0,1,1,7,0.253472,0.277299,0,0
1641,7F818222,,15,1,16,15,1,16,1,1,1,117.766667,0.113793
1642,7E06D3B3,,1,1,2,1,1,2,5,0.287234,0.325926,0,0.002777
1643,5C70BD0E,,2,0,2,2,0,2,0,0,0,0,0.116851
1644,596178A8,,0,2,2,0,2,2,2,0.75,0.833333,0,0
1645,758A2C38,,3,4,7,3,4,7,2,0.666667,0.75,172.666667,0.02031
1646,7FF24D72,,3,2,5,3,2,5,1,1,1,23.5,0.01915
1647,5A5BA7DE,,4,1,5,4,1,5,2,0.666667,0.75,3,0.020678
1648,75B77F27,,1,2,3,1,2,3,1,1,1,2,0.002777
1649,5F7BB055,,32,0,32,32,0,32,0,0,0,0,0.500317
1650,7BB5C886,,0,1,1,0,1,1,1,1,1,0,0
1651,7BEED1D8,,0,4,4,0,4,4,2,0.833333,0.9,0,0
1652,7E4D578A,,2,3,5,2,3,5,7,0.243714,0.275888,127.166667,0.005554
1653,806D9E08,,0,1,1,0,1,1,1,1,1,0,0
1654,7EBF0369,,1,4,5,1,4,5,4,0.47619,0.633333,8.5,0.005274
1655,773A4194,,2,2,4,2,2,4,1,1,1,2.5,0.006802
1656,7F1E9342,,3,0,3,3,0,3,0,0,0,0,0.015405
1657,7CE9E1AF,,1,4,5,1,4,5,3,0.535714,0.611111,0.25,0.002777
1658,7F9E2BD7,,2,0,2,2,0,2,0,0,0,0,0.018418
1659,816C706E,,1,2,3,1,2,3,4,0.428571,0.506944,4,0.002777
1660,7C087537,,1,0,1,1,0,1,0,0,0,0,0.002777
1661,5CA48EE4,,1,0,1,1,0,1,0,0,0,0,0.002777
1662,6DCAD355,,1,2,3,1,2,3,4,0.368421,0.446429,10,0.002777
1663,064BAFBF,,0,4,4,0,4,4,3,0.5,0.621212,0,0
1664,80F372D5,,1,2,3,1,2,3,2,0.75,0.833333,3,0.002777
1665,7F9FC5C6,,2,6,8,2,6,8,5,0.343096,0.402439,94.68254,0.005554
1666,78F8B732,,0,1,1,0,1,1,3,0.428571,0.5,0,0
1667,5EB237CF,,4,0,4,4,0,4,0,0,0,0,0.012356
1668,7B025063,,0,2,2,0,2,2,2,0.583333,0.642857,0,0
1669,7C9C9D63,,2,0,2,2,0,2,0,0,0,0,0.006802
1670,752B86B3,,2,0,2,2,0,2,0,0,0,0,0.005554
1671,8072A1AB,,0,2,2,0,2,2,1,1,1,0,0
1672,7AF9BA9C,,1,0,1,1,0,1,0,0,0,0,0.002777
1673,7D2B08A1,,3,2,5,3,2,5,1,1,1,6,0.008331
1674,7DDD7E06,,1,0,1,1,0,1,0,0,0,0,0.002777
1675,7A016082,,0,4,4,0,4,4,5,0.33871,0.453175,0,0
1676,800C762D,,1,0,1,1,0,1,0,0,0,0,0.002777
1677,7D28EBAC,,1,0,1,1,0,1,0,0,0,0,0.010846
1678,7FB4CC18,,0,1,1,0,1,1,1,1,1,0,0
1679,5FE2D5F8,,0,1,1,0,1,1,4,0.413793,0.472222,0,0
1680,7AC21093,,1,2,3,1,2,3,1,1,1,0,0.002777
1681,6166C9B9,,7,0,7,7,0,7,0,0,0,0,0.18035
1682,80B3B988,,2,0,2,2,0,2,0,0,0,0,0.005554
1683,798B1ABD,,0,1,1,0,1,1,2,0.666667,0.75,0,0
1684,80BD2F35,,0,1,1,0,1,1,1,1,1,0,0
1685,75BA083B,,0,2,2,0,2,2,6,0.3,0.351852,0,0
1686,7FFF112A,,0,8,8,0,8,8,5,0.34153,0.399333,0,0
1687,7B6DDE7A,,1,1,2,1,1,2,7,0.259414,0.294393,51.697619,0.002777
1688,78353E68,,0,1,1,0,1,1,1,1,1,0,0
1689,781DD362,,0,1,1,0,1,1,1,1,1,0,0
1690,7F37ED65,,1,2,3,1,2,3,1,1,1,1.5,0.002777
1691,0C22EC6B,,1,0,1,1,0,1,0,0,0,0,0.002777
1692,7EEB27ED,,6,2,8,6,2,8,5,0.36,0.498148,136.539377,0.101995
1693,5DA7A754,,2,1,3,2,1,3,3,0.407407,0.454545,11,0.005554
1694,75D2B6E3,,0,13,13,0,13,13,8,0.276224,0.413984,0,0
1695,792BF795,,1,0,1,1,0,1,0,0,0,0,0.002777
1696,84E5812A,,1,0,1,1,0,1,0,0,0,0,0.002777
1697,7ED41323,,6,2,8,6,2,8,1,1,1,16.5,0.022264
1698,7B9B961C,,0,9,9,0,9,9,4,0.478261,0.632576,0,0
1699,7A22AB70,,1,1,2,1,1,2,3,0.5,0.611111,3,0.002777
1700,8114FC17,,7,1,8,7,1,8,6,0.306701,0.345518,945,0.023184
1701,80DCE504,,1,0,1,1,0,1,0,0,0,0,0.002777
1702,775D9CB7,,0,3,3,0,3,3,4,0.389831,0.456522,0,0
1703,7ECD6C61,,0,1,1,0,1,1,4,0.413793,0.472222,0,0
1704,7E144371,,5,9,14,5,9,14,5,0.381579,0.467529,279.975397,0.017907
1705,5C60ECF7,,1,0,1,1,0,1,0,0,0,0,0.002777
1706,5CD947A2,,2,2,4,2,2,4,2,0.666667,0.75,0.583333,0.013581
1707,7ACE9AAE,,1,0,1,1,0,1,0,0,0,0,0.002777
1708,7A5D3A81,,1,0,1,1,0,1,0,0,0,0,0.002777
1709,7F1C3888,,56,1,57,56,1,57,1,1,1,158.583333,0.29226
1710,7F7CBE28,,0,1,1,0,1,1,5,0.359551,0.405729,0,0
1711,8099482C,,0,2,2,0,2,2,1,1,1,0,0
1712,75BF84DE,,0,1,1,0,1,1,4,0.326531,0.380208,0,0
1713,7B8FCBA2,,1,0,1,1,0,1,0,0,0,0,0.002777
1714,7B8348C2,,0,1,1,0,1,1,4,0.4,0.520833,0,0
1715,7B16A8C1,,0,1,1,0,1,1,2,0.6,0.666667,0,0
1716,59C4505E,,0,1,1,0,1,1,1,1,1,0,0
1717,7D418E27,,1,0,1,1,0,1,0,0,0,0,0.002777
1718,7F1E70C2,,2,0,2,2,0,2,0,0,0,0,0.009576
1719,7EF84452,,1,1,2,1,1,2,1,1,1,1,0.002777
1720,05431BC5,,1,0,1,1,0,1,0,0,0,0,0.002777
1721,766DEF7A,,3,5,8,3,5,8,5,0.34375,0.406818,109.15,0.012076
1722,78ABA58D,,2,2,4,2,2,4,1,1,1,6,0.006802
1723,7E29012B,,1,0,1,1,0,1,0,0,0,0,0.002777
1724,239D9D42,,0,1,1,0,1,1,1,1,1,0,0
1725,7B86262A,,0,2,2,0,2,2,5,0.325581,0.409524,0,0
1726,81847B07,,0,2,2,0,2,2,6,0.309091,0.352521,0,0
1727,79730D3E,,0,2,2,0,2,2,2,0.666667,0.75,0,0
1728,80F7104C,,0,1,1,0,1,1,3,0.4,0.444444,0,0
1729,6FEFAEDD,,0,1,1,0,1,1,1,1,1,0,0
1730,7927DE32,,0,1,1,0,1,1,1,1,1,0,0
1731,802ED99E,,2,1,3,2,1,3,1,1,1,1,0.005554
1732,76EF54E9,,2,4,6,2,4,6,1,1,1,4,0.005554
1733,7EBA7FB7,,10,7,17,10,7,17,2,0.769231,0.85,1777.394048,0.142995
1734,75A726FD,,6,0,6,6,0,6,0,0,0,0,0.025996
1735,5E34CCD0,,0,1,1,0,1,1,5,0.293103,0.344118,0,0
1736,7672EF04,,1,2,3,1,2,3,1,1,1,0,0.002777
1737,7A39C92D,,3,2,5,3,2,5,3,0.5,0.633333,15,0.008331
1738,7F58D32B,,0,2,2,0,2,2,5,0.316667,0.385088,0,0
1739,79C45CB6,,0,1,1,0,1,1,1,1,1,0,0
1740,7EEA3772,,2,8,10,2,8,10,3,0.555556,0.666667,63.166667,0.008051
1741,7F504916,,4,3,7,4,3,7,3,0.5,0.583333,42.642857,0.02188
1742,7EB32208,,0,2,2,0,2,2,8,0.210435,0.24938,0,0
1743,7CD6474A,,0,1,1,0,1,1,1,1,1,0,0
1744,81262D6D,,0,1,1,0,1,1,1,1,1,0,0
1745,5D7EA4EE,,1,0,1,1,0,1,0,0,0,0,0.002777
1746,5D690D1B,,0,1,1,0,1,1,2,0.666667,0.75,0,0
1747,5F36B71C,,2,1,3,2,1,3,1,1,1,1,0.005554
1748,806A71F0,,0,1,1,0,1,1,2,0.571429,0.625,0,0
1749,7F468886,,0,3,3,0,3,3,2,0.636364,0.714286,0,0
1750,81224474,,1,0,1,1,0,1,0,0,0,0,0.002777
1751,7D44F138,,0,2,2,0,2,2,1,1,1,0,0
1752,7698D6DC,,11,4,15,11,4,15,6,0.275,0.307713,632.35,0.033043
1753,806FCC7F,,0,1,1,0,1,1,1,1,1,0,0
1754,058714FA,,0,3,3,0,3,3,7,0.24948,0.28871,0,0
1755,5D9677AF,,4,0,4,4,0,4,0,0,0,0,0.017252
1756,6381CF53,,0,1,1,0,1,1,6,0.306701,0.345518,0,0
1757,7FD95911,,1,0,1,1,0,1,0,0,0,0,0.005274
1758,786BC735,,0,1,1,0,1,1,1,1,1,0,0
1759,7FDFFEA5,,0,2,2,0,2,2,3,0.470588,0.5625,0,0
1760,5F999F6B,,1,0,1,1,0,1,0,0,0,0,0.006799
1761,7C571289,,0,1,1,0,1,1,2,0.6,0.666667,0,0
1762,80ADA2EE,,3,1,4,3,1,4,7,0.255102,0.296048,0,0.012631
1763,7A25137D,,0,6,6,0,6,6,6,0.330645,0.388076,0,0
1764,031D863E,,1,0,1,1,0,1,0,0,0,0,0.006522
1765,80E9B110,,0,1,1,0,1,1,6,0.306701,0.345518,0,0
1766,7923913F,,1,1,2,1,1,2,1,1,1,1,0.002777
1767,79630344,,0,2,2,0,2,2,2,0.75,0.833333,0,0
1768,7863DF50,,2,0,2,2,0,2,0,0,0,0,0.006802
1769,814C5BD1,,1,0,1,1,0,1,0,0,0,0,0.002777
1770,7EF099EC,,1,1,2,1,1,2,6,0.306701,0.345518,0,0.002777
1771,8122A0CB,,0,5,5,0,5,5,4,0.457143,0.578125,0,0
1772,5932098B,,2,0,2,2,0,2,0,0,0,0,0.005554
1773,5DD14A4D,,0,1,1,0,1,1,4,0.423077,0.477273,0,0
1774,0202579C,,0,5,5,0,5,5,7,0.268657,0.309656,0,0
1775,58519BEA,,0,1,1,0,1,1,1,1,1,0,0
1776,7FF986B2,,0,1,1,0,1,1,3,0.461538,0.527778,0,0
1777,7D2B698F,,10,0,10,10,0,10,0,0,0,0,0.285399
1778,7DB24AEE,,1,2,3,1,2,3,2,0.625,0.7,5,0.002777
1779,7CEF26BE,,5,2,7,5,2,7,1,1,1,61.333333,0.02386
1780,7D717049,,0,1,1,0,1,1,1,1,1,0,0
1781,7C733D98,,1,2,3,1,2,3,6,0.306122,0.396667,20.910256,0.006187
1782,7C8540FF,,0,1,1,0,1,1,4,0.358491,0.399123,0,0
1783,7A16199F,,0,3,3,0,3,3,2,0.666667,0.75,0,0
1784,7B61E64E,,30,0,30,30,0,30,0,0,0,0,0.214597
1785,7A3D323D,,0,1,1,0,1,1,6,0.306701,0.345518,0,0
1786,7D57AFC1,,1,0,1,1,0,1,0,0,0,0,0.002777
1787,59B894EC,,14,0,14,14,0,14,0,0,0,0,0.086522
1788,7F616818,,0,3,3,0,3,3,3,0.625,0.766667,0,0
1789,7BB2B0CA,,1,0,1,1,0,1,0,0,0,0,0.013429
1790,7F24CF09,,1,2,3,1,2,3,4,0.37037,0.433333,31,0.004025
1791,7596D13E,,1,7,8,1,7,8,5,0.37037,0.468333,15.5,0.002777
1792,7C583D36,,0,1,1,0,1,1,2,0.571429,0.625,0,0
1793,7D66A411,,1,0,1,1,0,1,0,0,0,0,0.002777
1794,761D5749,,0,3,3,0,3,3,6,0.318841,0.410606,0,0
1795,5A9E6B0B,,0,1,1,0,1,1,1,1,1,0,0
1796,5B31896E,,2,0,2,2,0,2,0,0,0,0,0.009854
1797,81733827,,0,1,1,0,1,1,2,0.571429,0.625,0,0
1798,7FF7C5B7,,0,1,1,0,1,1,6,0.306701,0.345518,0,0
1799,7D76129C,,0,1,1,0,1,1,3,0.454545,0.533333,0,0
1800,792F87FA,,0,1,1,0,1,1,6,0.306701,0.345518,0,0
1801,7DE82182,,1,0,1,1,0,1,0,0,0,0,0.039218
1802,7AAD2988,,1,1,2,1,1,2,3,0.4375,0.5,7,0.002777
1803,8000315F,,13,6,19,13,6,19,3,0.56,0.678571,2849.929762,0.238274
1804,7CA4E9E3,,0,5,5,0,5,5,5,0.319149,0.418333,0,0
1805,80FFD162,,0,3,3,0,3,3,5,0.307692,0.422917,0,0
1806,7E49D415,,2,0,2,2,0,2,0,0,0,0,0.006802
1807,5C234340,,1,0,1,1,0,1,0,0,0,0,0.002777
1808,7A8CC0C6,,0,3,3,0,3,3,2,0.8,0.875,0,0
1809,792AB279,,4,1,5,4,1,5,1,1,1,0,0.020026
1810,59D548F3,,0,1,1,0,1,1,1,1,1,0,0
1811,5C53FD11,,0,1,1,0,1,1,3,0.454545,0.533333,0,0
1812,83C7FFB0,,0,3,3,0,3,3,6,0.268657,0.315432,0,0
1813,7EAA90D5,,2,0,2,2,0,2,0,0,0,0,0.00708
1814,7CFD8576,,1,2,3,1,2,3,4,0.346939,0.411765,17,0.002777
1815,7DB1438E,,0,1,1,0,1,1,1,1,1,0,0
1816,7F5C7630,,0,1,1,0,1,1,1,1,1,0,0
1817,7DBC41A0,,0,2,2,0,2,2,8,0.226087,0.288416,0,0
1818,5F33C551,,0,2,2,0,2,2,4,0.454545,0.516667,0,0
1819,77C30D36,,2,1,3,2,1,3,7,0.25523,0.291959,57,0.008051
1820,7D2036F0,,0,5,5,0,5,5,6,0.314286,0.368733,0,0
1821,7AC71C99,,0,6,6,0,6,6,7,0.27051,0.327693,0,0
1822,7DEFC326,,0,2,2,0,2,2,4,0.441176,0.511111,0,0
1823,772CE3A1,,0,1,1,0,1,1,1,1,1,0,0
1824,790D59A8,,0,2,2,0,2,2,1,1,1,0,0
1825,80A5A551,,2,2,4,2,2,4,3,0.5,0.611111,6,0.008051
1826,7E72F11F,,4,0,4,4,0,4,0,0,0,0,0.01513
1827,80DFD741,,0,1,1,0,1,1,7,0.23622,0.257044,0,0
1828,7D5B9E48,,0,8,8,0,8,8,6,0.337912,0.406504,0,0
1829,80705F88,,0,3,3,0,3,3,7,0.269231,0.341205,0,0
1830,756C7BE4,,0,3,3,0,3,3,5,0.322835,0.384146,0,0
1831,772934DC,,0,1,1,0,1,1,2,0.666667,0.75,0,0
1832,7BE70B03,,0,1,1,0,1,1,1,1,1,0,0
1833,7E9BF569,,2,5,7,2,5,7,3,0.514286,0.601852,26,0.00712
1834,78D63EED,,1,0,1,1,0,1,0,0,0,0,0.004025
1835,7D5FC544,,0,1,1,0,1,1,1,1,1,0,0
1836,7E797D48,,0,4,4,0,4,4,7,0.288991,0.36644,0,0
1837,785A26BC,,1,0,1,1,0,1,0,0,0,0,0.002777
1838,7E5CEFD6,,1,1,2,1,1,2,1,1,1,0.5,0.004025
1839,5AA88AFA,,0,1,1,0,1,1,1,1,1,0,0
1840,02238973,,0,1,1,0,1,1,7,0.234875,0.264538,0,0
1841,7D4203A2,,4,3,7,4,3,7,6,0.312849,0.374702,124.30119,0.017904
1842,7E11F6B2,,0,2,2,0,2,2,3,0.5,0.633333,0,0
1843,6ECF89AB,,2,0,2,2,0,2,0,0,0,0,0.055352
1844,5FDAEFCE,,1,0,1,1,0,1,0,0,0,0,0.005274
1845,7DD17B61,,0,1,1,0,1,1,1,1,1,0,0
1846,0857E2D6,,1,0,1,1,0,1,0,0,0,0,0.002777
1847,7B150FE0,,4,1,5,4,1,5,3,0.5,0.555556,4,0.012356
1848,80556956,,3,1,4,3,1,4,2,0.6,0.666667,4.333333,0.010828
1849,06BC4975,,5,1,6,5,1,6,5,0.287234,0.325926,80,0.020999
1850,5EAF2D0B,,0,2,2,0,2,2,1,1,1,0,0
1851,77D811A7,,0,1,1,0,1,1,1,1,1,0,0
1852,80B07EA0,,1,1,2,1,1,2,2,0.666667,0.75,0,0.005551
1853,5B8F608B,,0,1,1,0,1,1,6,0.241611,0.274537,0,0
1854,0BD946B6,,0,1,1,0,1,1,1,1,1,0,0
1855,7FC6E957,,2,2,4,2,2,4,2,0.75,0.833333,2.833333,0.008051
1856,7E67D4AA,,0,5,5,0,5,5,5,0.333333,0.405674,0,0
1857,778AE5B9,,0,1,1,0,1,1,4,0.392857,0.44697,0,0
1858,7EB6D3C3,,0,1,1,0,1,1,1,1,1,0,0
1859,589DEFA2,,0,1,1,0,1,1,1,1,1,0,0
1860,7E6415A2,,5,1,6,5,1,6,1,1,1,9,0.019751
1861,7A5DBB0F,,11,0,11,11,0,11,0,0,0,0,0.03554
1862,5BC24255,,0,1,1,0,1,1,1,1,1,0,0
1863,7FC7DEC5,,0,2,2,0,2,2,2,0.75,0.833333,0,0
1864,799D96C8,,2,3,5,2,3,5,8,0.205479,0.269947,70,0.005554
1865,80960F2E,,2,0,2,2,0,2,0,0,0,0,0.005554
1866,5952FF9B,,3,3,6,3,3,6,8,0.243346,0.312463,40.302413,0.009938
1867,764EC27C,,1,0,1,1,0,1,0,0,0,0,0.002777
1868,7527D77F,,0,1,1,0,1,1,2,0.666667,0.75,0,0
1869,805ED9C0,,7,2,9,7,2,9,3,0.46875,0.522222,838.409524,0.087391
1870,805520A4,,2,3,5,2,3,5,4,0.404762,0.495098,34.972222,0.028633
1871,7B199F5F,,0,3,3,0,3,3,5,0.29078,0.346341,0,0
1872,752D7754,,0,2,2,0,2,2,2,0.625,0.7,0,0
1873,7D9A6CA2,,6,0,6,6,0,6,0,0,0,0,0.035004
1874,80964124,,0,2,2,0,2,2,2,0.75,0.833333,0,0
1875,7DC48CD2,,0,2,2,0,2,2,7,0.202186,0.249614,0,0
1876,5B81FA6B,,0,2,2,0,2,2,1,1,1,0,0
1877,7E97778E,,0,3,3,0,3,3,4,0.405941,0.45122,0,0
1878,7F2A7C6D,,1,0,1,1,0,1,0,0,0,0,0.002777
1879,7E4FFD89,,0,2,2,0,2,2,2,0.666667,0.75,0,0
1880,7EB575CD,,0,1,1,0,1,1,1,1,1,0,0
1881,7A9FCC94,,0,1,1,0,1,1,2,0.6,0.666667,0,0
1882,7E21199A,,0,1,1,0,1,1,4,0.413793,0.472222,0,0
1883,806B6586,,2,0,2,2,0,2,0,0,0,0,0.008051
1884,7D368C19,,4,9,13,4,9,13,6,0.322493,0.391877,122.189602,0.017986
1885,81398230,,0,4,4,0,4,4,6,0.316195,0.365854,0,0
1886,78C15E9C,,0,1,1,0,1,1,1,1,1,0,0
1887,7DB7213B,,0,3,3,0,3,3,2,0.615385,0.6875,0,0
1888,6CFDB8AC,,0,1,1,0,1,1,5,0.347826,0.395139,0,0
1889,7F4571F9,,0,1,1,0,1,1,6,0.270833,0.311538,0,0
1890,7C28C915,,0,1,1,0,1,1,8,0.211382,0.247711,0,0
1891,5D670F3A,,1,0,1,1,0,1,0,0,0,0,0.002777
1892,02B6B56F,,0,2,2,0,2,2,1,1,1,0,0
1893,7F0803BC,,1,3,4,1,3,4,8,0.229437,0.301842,4.5,0.002777
1894,7DEEACDD,,4,0,4,4,0,4,0,0,0,0,0.013882
1895,80A5D0CB,,0,1,1,0,1,1,1,1,1,0,0
1896,7B7BC5E8,,1,2,3,1,2,3,7,0.236994,0.285424,104,0.005274
1897,7C5B9552,,1,1,2,1,1,2,1,1,1,0.833333,0.005274
1898,7A8744A1,,1,3,4,1,3,4,4,0.428571,0.5,21,0.002777
1899,7FC430E5,,3,1,4,3,1,4,4,0.375,0.472222,0,0.016694
1900,5CFC6E70,,2,0,2,2,0,2,0,0,0,0,0.006802
1901,7ADAFA6D,,0,2,2,0,2,2,1,1,1,0,0
1902,5B845BB7,,3,3,6,3,3,6,4,0.444444,0.604167,308.433333,0.068756
1903,5858990C,,0,1,1,0,1,1,1,1,1,0,0
1904,7BFCE3E4,,2,2,4,2,2,4,2,0.75,0.833333,0.833333,0.005554
1905,5F7D4F40,,1,0,1,1,0,1,0,0,0,0,0.002777
1906,77E1CF88,,0,1,1,0,1,1,1,1,1,0,0
1907,5BD23A58,,0,3,3,0,3,3,4,0.451613,0.547619,0,0
1908,7E22D043,,3,2,5,3,2,5,1,1,1,31.25,0.026395
1909,8076BADB,,1,1,2,1,1,2,1,1,1,1,0.002777
1910,7F507066,,0,2,2,0,2,2,1,1,1,0,0
1911,7DE0DCAC,,0,4,4,0,4,4,4,0.478261,0.621212,0,0
1912,5970D94F,,0,3,3,0,3,3,3,0.545455,0.694444,0,0
1913,077669F7,,1,0,1,1,0,1,0,0,0,0,0.002777
1914,7C72439C,,0,1,1,0,1,1,1,1,1,0,0
1915,7F90BCEF,,0,1,1,0,1,1,1,1,1,0,0
1916,78EE7869,,0,5,5,0,5,5,5,0.388889,0.511111,0,0
1917,5BBF5272,,1,2,3,1,2,3,5,0.340426,0.420833,0,0.002777
1918,7D190FAF,,1,0,1,1,0,1,0,0,0,0,0.002777
1919,7C5BF056,,1,6,7,1,6,7,7,0.256048,0.302512,11.033333,0.002777
1920,7EF2C723,,3,0,3,3,0,3,0,0,0,0,0.012353
1921,7A85FB52,,1,0,1,1,0,1,0,0,0,0,0.004303
1922,089C7718,,0,1,1,0,1,1,1,1,1,0,0
1923,71A73458,,2,3,5,2,3,5,2,0.636364,0.714286,11,0.005554
1924,76903C78,,0,1,1,0,1,1,1,1,1,0,0
1925,731E8D6F,,0,3,3,0,3,3,2,0.714286,0.8,0,0
1926,7FE6652A,,0,2,2,0,2,2,5,0.352941,0.415972,0,0
1927,6F3A6702,,0,3,3,0,3,3,2,0.714286,0.8,0,0
1928,77349888,,0,2,2,0,2,2,1,1,1,0,0
1929,80438BF9,,0,4,4,0,4,4,6,0.287879,0.415789,0,0
1930,76E03002,,7,0,7,7,0,7,0,0,0,0,0.023184
1931,808064E9,,0,3,3,0,3,3,4,0.444444,0.59375,0,0
1932,789DA9B3,,0,1,1,0,1,1,1,1,1,0,0
1933,754A9D5C,,0,1,1,0,1,1,1,1,1,0,0
1934,0063708E,,0,1,1,0,1,1,7,0.252874,0.303084,0,0
1935,7C62EB20,,1,0,1,1,0,1,0,0,0,0,0.002777
1936,804726BC,,0,1,1,0,1,1,5,0.257576,0.307843,0,0
1937,7FBCB0A7,,0,3,3,0,3,3,5,0.421053,0.517708,0,0
1938,7C598625,,1,0,1,1,0,1,0,0,0,0,0.004025
1939,5856E6C1,,2,3,5,2,3,5,1,1,1,430.95,0.090728
1940,80D4C990,,0,1,1,0,1,1,1,1,1,0,0
1941,76494098,,1,7,8,1,7,8,2,0.733333,0.818182,6,0.002777
1942,7EBA44BD,,2,3,5,2,3,5,2,0.8,0.875,3,0.006802
1943,8014CD67,,0,5,5,0,5,5,2,0.647059,0.727273,0,0
1944,047143CC,,0,1,1,0,1,1,1,1,1,0,0
1945,7602AEBC,,0,1,1,0,1,1,1,1,1,0,0
1946,7680C18C,,0,1,1,0,1,1,2,0.6,0.666667,0,0
1947,8104310C,,0,1,1,0,1,1,2,0.666667,0.75,0,0
1948,80339C06,,0,1,1,0,1,1,2,0.666667,0.75,0,0
1949,803EA8B7,,5,6,11,5,6,11,6,0.312057,0.405303,330.328571,0.034562
1950,7F4ADCD4,,0,1,1,0,1,1,4,0.428571,0.513889,0,0
1951,7826D9FC,,0,1,1,0,1,1,1,1,1,0,0
1952,5839ADD8,,3,1,4,3,1,4,1,1,1,65,0.043115
1953,61F922B1,,0,8,8,0,8,8,8,0.233766,0.313823,0,0
1954,81577373,,3,1,4,3,1,4,3,0.5,0.566667,0,0.009579
1955,7BE2C9FF,,1,0,1,1,0,1,0,0,0,0,0.002777
1956,6EF47FC9,,2,0,2,2,0,2,0,0,0,0,0.008051
1957,7C439965,,0,1,1,0,1,1,7,0.205128,0.237976,0,0
1958,7FDD99F8,,0,1,1,0,1,1,1,1,1,0,0
1959,58C0887E,,4,1,5,4,1,5,1,1,1,5,0.012356
1960,816C11A2,,7,1,8,7,1,8,1,1,1,8,0.020687
1961,5875D8B2,,1,5,6,1,5,6,4,0.485714,0.593137,7.75,0.002777
1962,7E5E735B,,0,1,1,0,1,1,7,0.23622,0.257044,0,0
1963,801EEBA2,,4,0,4,4,0,4,0,0,0,0,0.013604
1964,7B558736,,1,5,6,1,5,6,6,0.315927,0.371488,2.616667,0.002777
1965,7BF6006B,,0,3,3,0,3,3,2,0.666667,0.75,0,0
1966,7E4DC06B,,1,0,1,1,0,1,0,0,0,0,0.002777
1967,7D557709,,0,1,1,0,1,1,3,0.5,0.583333,0,0
1968,58A7E104,,1,0,1,1,0,1,0,0,0,0,0.034732
1969,7B6BC907,,0,1,1,0,1,1,1,1,1,0,0
1970,800DE994,,0,6,6,0,6,6,5,0.360759,0.433041,0,0
1971,7DA914F0,,0,10,10,0,10,10,5,0.311419,0.380741,0,0
1972,7DB035A3,,2,1,3,2,1,3,1,1,1,0,0.005554
1973,7F8777BF,,14,2,16,14,2,16,2,0.666667,0.75,25.416667,0.082881
1974,7DC56794,,2,0,2,2,0,2,0,0,0,0,0.006802
1975,7FDD1AAD,,0,1,1,0,1,1,6,0.261905,0.336364,0,0
1976,7FA11255,,0,5,5,0,5,5,5,0.358108,0.417296,0,0
1977,752AB5A6,,3,0,3,3,0,3,0,0,0,0,0.01919
1978,7C443B6D,,0,3,3,0,3,3,4,0.390244,0.484375,0,0
1979,7F3FBCD9,,5,4,9,5,4,9,4,0.46875,0.577778,69,0.016381
1980,7DFBD6E9,,9,0,9,9,0,9,0,0,0,0,0.024993
1981,764D8D9F,,0,1,1,0,1,1,2,0.666667,0.75,0,0
1982,8171B245,,4,3,7,4,3,7,1,1,1,18.5,0.016379
1983,7DC391AD,,0,1,1,0,1,1,1,1,1,0,0
1984,7FB46E33,,0,1,1,0,1,1,1,1,1,0,0
1985,80431EBA,,0,1,1,0,1,1,4,0.413793,0.472222,0,0
1986,7FA5AA44,,0,1,1,0,1,1,2,0.571429,0.625,0,0
1987,779545E4,,0,1,1,0,1,1,1,1,1,0,0
1988,7B6C5A58,,1,0,1,1,0,1,0,0,0,0,0.004025
1989,76032BC4,,0,1,1,0,1,1,2,0.571429,0.625,0,0
1990,7CF8C7E3,,1,0,1,1,0,1,0,0,0,0,0.002777
1991,766DF9F3,,0,2,2,0,2,2,7,0.246679,0.277399,0,0
1992,6886B4DC,,3,0,3,3,0,3,0,0,0,0,0.010828
1993,7A7B550D,,3,1,4,3,1,4,2,0.666667,0.75,6,0.009579
1994,7F7B2A22,,0,1,1,0,1,1,1,1,1,0,0
1995,79202E17,,1,0,1,1,0,1,0,0,0,0,0.002777
1996,5A60E540,,0,1,1,0,1,1,1,1,1,0,0
1997,803B98BB,,2,4,6,2,4,6,4,0.52381,0.643939,33.410256,0.008423
1998,7B9DECB4,,19,3,22,19,3,22,2,0.666667,0.75,105.916667,0.070141
1999,79E6B474,,1,0,1,1,0,1,0,0,0,0,0.002777
2000,7C9862B7,,9,0,9,9,0,9,0,0,0,0,0.093831
2001,7F63D0E2,,2,1,3,2,1,3,1,1,1,4,0.008051
2002,75680B46,,0,4,4,0,4,4,7,0.274074,0.319949,0,0
2003,7D8A9350,,5,3,8,5,3,8,2,0.714286,0.8,12.333333,0.013885
2004,7DC5EA94,,0,1,1,0,1,1,1,1,1,0,0
2005,7B53D204,,3,2,5,3,2,5,6,0.251613,0.297436,109,0.008331
2006,755A0CBE,,0,1,1,0,1,1,2,0.666667,0.75,0,0
2007,78156D47,,1,2,3,1,2,3,2,0.75,0.833333,2,0.002777
2008,7F5B9101,,0,3,3,0,3,3,3,0.459459,0.529412,0,0
2009,5D0958F2,,0,1,1,0,1,1,1,1,1,0,0
2010,7D7B5490,,0,1,1,0,1,1,7,0.238281,0.261027,0,0
2011,776DCD04,,0,5,5,0,5,5,5,0.344828,0.4225,0,0
2012,7BC213F9,,0,7,7,0,7,7,8,0.201149,0.253665,0,0
2013,7D45856C,,0,1,1,0,1,1,2,0.571429,0.625,0,0
2014,5C4EB8AB,,1,0,1,1,0,1,0,0,0,0,0.002777
2015,7826906A,,2,0,2,2,0,2,0,0,0,0,0.005554
2016,0647561D,,2,0,2,2,0,2,0,0,0,0,0.0303
2017,80EEBDA3,,0,3,3,0,3,3,4,0.454545,0.583333,0,0
2018,7EFE3A02,,0,1,1,0,1,1,1,1,1,0,0
2019,5C3C4377,,1,0,1,1,0,1,0,0,0,0,0.004025
2020,06DD7382,,0,13,13,0,13,13,7,0.307487,0.396315,0,0
2021,81249171,,0,2,2,0,2,2,5,0.304348,0.351905,0,0
2022,799E76C5,,1,2,3,1,2,3,3,0.538462,0.619048,0,0.002777
2023,7DA86D58,,37,4,41,37,4,41,4,0.470588,0.666667,252.809524,0.257938
2024,80C2E2FD,,0,2,2,0,2,2,5,0.357143,0.419333,0,0
2025,78C3C9C2,,11,3,14,11,3,14,2,0.714286,0.8,40.25,0.038314
2026,0C1FFC8E,,1,0,1,1,0,1,0,0,0,0,0.002777
2027,78F9C498,,5,1,6,5,1,6,1,1,1,8.5,0.020126
2028,5903FEED,,1,3,4,1,3,4,4,0.451613,0.547619,6.5,0.002777
2029,5B171C1B,,1,1,2,1,1,2,4,0.376623,0.408046,15.75,0.002777
2030,81B0996B,,0,1,1,0,1,1,3,0.441176,0.477778,0,0
2031,808B16FB,,5,2,7,5,2,7,1,1,1,5.833333,0.01763
2032,5E81FF6A,,1,1,2,1,1,2,1,1,1,1,0.004025
2033,7FA9DE80,,1,2,3,1,2,3,2,0.666667,0.75,2,0.002777
2034,622E92BE,,1,0,1,1,0,1,0,0,0,0,0.002777
2035,7F493BCF,,0,1,1,0,1,1,1,1,1,0,0
2036,7C1A282A,,0,10,10,0,10,10,6,0.351351,0.467949,0,0
2037,7E35D569,,0,2,2,0,2,2,4,0.395833,0.434211,0,0
2038,78F4BD20,,0,1,1,0,1,1,1,1,1,0,0
2039,7F13FDAA,,0,3,3,0,3,3,7,0.240631,0.270375,0,0
2040,7E3C2CE9,,10,1,11,10,1,11,1,1,1,10.5,0.077164
2041,5F6996EC,,1,0,1,1,0,1,0,0,0,0,0.002777
2042,7D689947,,1,2,3,1,2,3,2,0.75,0.833333,1,0.002777
2043,08D7D19A,,0,2,2,0,2,2,9,0.180272,0.229867,0,0
2044,5BC5FE45,,1,0,1,1,0,1,0,0,0,0,0.005266
2045,5EA64120,,0,1,1,0,1,1,1,1,1,0,0
2046,81135BBC,,0,4,4,0,4,4,2,0.666667,0.75,0,0
2047,806AFFBB,,2,0,2,2,0,2,0,0,0,0,0.005554
2048,7F2714AC,,0,3,3,0,3,3,2,0.666667,0.75,0,0
2049,106EA9A0,,16,0,16,16,0,16,0,0,0,0,0.092036
2050,764B83A3,,1,0,1,1,0,1,0,0,0,0,0.004025
2051,0EE4F542,,1,0,1,1,0,1,0,0,0,0,0.002777
2052,7B01FE73,,1,0,1,1,0,1,0,0,0,0,0.002777
2053,7EB978B0,,0,1,1,0,1,1,6,0.306701,0.345518,0,0
2054,7520449C,,1,0,1,1,0,1,0,0,0,0,0.00777
2055,17C357D6,,0,1,1,0,1,1,7,0.245902,0.268016,0,0
2056,7E664CD5,,3,0,3,3,0,3,0,0,0,0,0.176216
2057,8025C2F2,,2,0,2,2,0,2,0,0,0,0,0.018882
2058,7E417173,,0,1,1,0,1,1,2,0.571429,0.625,0,0
2059,7F86EE0A,,18,14,32,18,14,32,4,0.54386,0.682796,4982.172421,0.410044
2060,06239E36,,6,3,9,6,3,9,1,1,1,11.25,0.028729
2061,76FD439B,,2,0,2,2,0,2,0,0,0,0,0.008051
2062,7D6DC695,,6,4,10,6,4,10,3,0.454545,0.555556,139.933333,0.035856
2063,0A0191B3,,0,1,1,0,1,1,1,1,1,0,0
2064,5B861735,,0,2,2,0,2,2,5,0.340426,0.420833,0,0
2065,7E79414A,,0,1,1,0,1,1,1,1,1,0,0
2066,7D141C69,,1,4,5,1,4,5,8,0.227488,0.307912,48,0.002777
2067,814F9EFD,,1,3,4,1,3,4,8,0.218919,0.263301,16.733333,0.002777
2068,7BFAECD0,,1,1,2,1,1,2,1,1,1,0,0.002777
2069,7D61020D,,5,0,5,5,0,5,0,0,0,0,0.022611
2070,82271059,,0,1,1,0,1,1,1,1,1,0,0
2071,5B93807D,,0,1,1,0,1,1,4,0.333333,0.416667,0,0
2072,7CD00CA2,,0,1,1,0,1,1,1,1,1,0,0
2073,75528805,,1,0,1,1,0,1,0,0,0,0,0.002777
2074,7F58D014,,0,1,1,0,1,1,1,1,1,0,0
2075,81374949,,0,1,1,0,1,1,3,0.416667,0.5,0,0
2076,801DDB5F,,0,4,4,0,4,4,3,0.6,0.703704,0,0
2077,7F402D60,,3,2,5,3,2,5,2,0.666667,0.75,6,0.008331
2078,7FEFFE3D,,0,1,1,0,1,1,1,1,1,0,0
2079,7B0609EF,,0,1,1,0,1,1,1,1,1,0,0
2080,7422C7EC,,1,4,5,1,4,5,3,0.518519,0.607143,40.416667,0.009337
2081,0AA1CE6A,,4,0,4,4,0,4,0,0,0,0,0.123901
2082,7BC1F116,,0,4,4,0,4,4,3,0.583333,0.738095,0,0
2083,816E5E88,,1,0,1,1,0,1,0,0,0,0,0.002777
2084,7564AD8C,,3,2,5,3,2,5,1,1,1,66,0.038512
2085,7FDF1CC0,,0,2,2,0,2,2,2,0.625,0.7,0,0
2086,585ED934,,0,2,2,0,2,2,10,0.163399,0.214849,0,0
2087,7FBDE1DC,,0,1,1,0,1,1,1,1,1,0,0
2088,80EEE3FD,,0,2,2,0,2,2,1,1,1,0,0
2089,756DFFAC,,0,1,1,0,1,1,4,0.419355,0.474359,0,0
2090,7D9076CD,,3,1,4,3,1,4,5,0.322581,0.398333,21,0.009579
2091,7FBECACC,,0,2,2,0,2,2,4,0.433333,0.512821,0,0
2092,7D60FEBA,,1,2,3,1,2,3,3,0.5,0.541667,32,0.004025
2093,7AD4F8E1,,0,5,5,0,5,5,7,0.236842,0.276946,0,0
2094,7823847F,,0,2,2,0,2,2,4,0.407407,0.5,0,0
2095,7F7B3017,,0,3,3,0,3,3,2,0.8,0.875,0,0
2096,79AB807B,,8,2,10,8,2,10,2,0.75,0.833333,94.833333,0.07413
2097,6BE3DBCE,,2,0,2,2,0,2,0,0,0,0,0.010547
2098,794F48AA,,0,3,3,0,3,3,6,0.255814,0.368182,0,0
2099,800EF041,,0,2,2,0,2,2,3,0.5,0.541667,0,0
